UAV_00,UAV_01,UAV_02,UAV_03,UAV_04,target_00,target_01,target_02,target_03,target_04,target_05,target_06,target_07,target_08,target_09,target_10,target_11,target_12,target_13,target_14,target_15,target_16,target_17,target_18,target_19,target_20,target_21,target_22,target_23,target_24,target_25,target_26,target_27,target_28,target_29,target_30,target_31,target_32,target_33,target_34,target_35,target_36,target_37,target_38,target_39,target_40,target_41,target_42,target_43,target_44,target_45,target_46,target_47,target_48,target_49,target_50,target_51,target_52,target_53,target_54,target_55,target_56,target_57,target_58,target_59,target_60,target_61,target_62,target_63,target_64,target_65,target_66,target_67,target_68,target_69,target_70,target_71,target_72,target_73,target_74,target_75,target_76,target_77,target_78,target_79,target_80,target_81,target_82,target_83,target_84,target_85,target_86,target_87,target_88,target_89,target_90,target_91,target_92,target_93,target_94,target_95,target_96,target_97,target_98,target_99
"[10.035533113962073, 246.9356947797497]","[-42.29843514394765, 211.1999587333051]","[200.0, 83.0]","[-235.0, -119.0]","[46.0, -218.0]","[-9.0, -138.0]","[150.0, -127.0]","[57.0, 30.0]","[115.0, 111.0]","[-96.0, 20.0]","[-199.0, 101.0]","[-245.0, 97.0]","[-194.0, 227.0]","[-159.0, 104.0]","[123.0, -238.0]","[-134.0, 22.0]","[54.0, 16.0]","[57.0, 104.0]","[-213.0, 121.0]","[182.0, 241.0]","[-7.0, 178.0]","[-133.0, 186.0]","[-212.0, 181.0]","[-240.0, 212.0]","[-115.0, 42.0]","[206.0, 55.0]","[79.0, 50.0]","[-168.0, 116.0]","[-60.0, 123.0]","[26.0, -128.0]","[-192.0, -14.0]","[151.0, -230.0]","[89.0, 248.0]","[133.0, 76.0]","[125.0, 235.0]","[216.0, 241.0]","[227.0, -72.0]","[217.0, 81.0]","[-153.0, -184.0]","[92.0, -179.0]","[-214.0, -191.0]","[71.0, 85.0]","[33.0, -180.0]","[-189.0, 3.0]","[74.0, -141.0]","[-36.0, 127.0]","[-54.0, 30.0]","[-121.0, -169.0]","[-169.0, -103.0]","[-136.0, 201.0]","[213.0, 223.0]","[57.0, -188.0]","[-152.0, 215.0]","[205.0, 200.0]","[231.0, -45.0]","[-114.0, -68.0]","[97.0, -160.0]","[-231.0, -89.0]","[213.0, -56.0]","[-76.0, 246.0]","[236.0, 243.0]","[-51.0, -12.0]","[-220.0, -206.0]","[72.0, 130.0]","[-26.0, 12.0]","[-123.0, -4.0]","[-59.0, 98.0]","[-201.0, -247.0]","[48.0, -84.0]","[-154.0, 173.0]","[-162.0, 31.0]","[-155.0, 117.0]","[0.0, 85.0]","[242.0, 64.0]","[37.0, -55.0]","[-173.0, 56.0]","[-138.0, -26.0]","[21.0, 212.0]","[-160.0, 231.0]","[-230.0, -55.0]","[167.0, -93.0]","[-206.0, 225.0]","[-154.0, 42.0]","[11.0, 114.0]","[49.0, 211.0]","[-169.0, -44.0]","[48.0, -24.0]","[-217.0, 225.0]","[225.0, 120.0]","[-240.0, -162.0]","[-39.0, 192.0]","[160.0, 28.0]","[20.0, -66.0]","[57.0, -113.0]","[-72.0, 166.0]","[114.0, 22.0]","[-246.0, 53.0]","[10.0, 199.0]","[-117.0, -75.0]","[-2.0, -94.0]","[23.0, 185.0]","[96.0, -174.0]","[47.28000000000196, 126.0]","[134.0, 19.0]","[59.825000000004515, -72.0]"
"[10.035533113962073, 246.9356947797497]","[-42.29843514394765, 211.1999587333051]","[200.88149093338848, 81.83786980855248]","[-234.3924830521384, -118.08238057033238]","[44.599986542594685, -219.5304755448268]","[-9.290135216849182, -136.6048328483941]","[149.7811890545206, -126.51901670301375]","[56.153472308523675, 29.137492389371374]","[114.0074502104627, 109.51644460632235]","[-97.0152973425614, 19.51588108689607]","[-199.89580140093992, 100.80189160288099]","[-246.2302852209456, 96.00171917299006]","[-193.00217140040243, 226.3702933556953]","[-160.49381169637758, 102.09383234509004]","[124.70594881234669, -238.88834475657364]","[-132.34179319984239, 21.662171486178657]","[54.387224115105944, 14.543472193183943]","[58.47580958843371, 104.86276242449115]","[-214.92426947691612, 119.33524456245534]","[181.45124569862185, 239.26376690717484]","[-8.537719397141862, 178.52671460917438]","[-134.69651298481955, 187.13533031826998]","[-212.05333820032678, 180.45364253022262]","[-238.70588740840273, 213.05724526752516]","[-114.83328096632457, 41.02140147598553]","[207.99575405161832, 53.635761397941394]","[78.28627103731162, 51.77060709876621]","[-168.6985603328675, 115.06034171585958]","[-58.71538937254365, 121.62936709216218]","[24.44261104833832, -129.8064338109862]","[-191.69661808769757, -14.039674336590764]","[151.91892547590712, -231.504544027082]","[88.24009173576329, 249.6505024603804]","[132.73673443004216, 75.56189766740825]","[123.6980347443966, 235.27683926302186]","[216.2771629005418, 241.6427302229514]","[225.2640814666772, -72.3353013578123]","[217.57733310709457, 79.1244207332865]","[-152.62770156433373, -182.72612335813395]","[90.33887479192632, -178.10983908036062]","[-212.57037607729478, -189.23403600173114]","[69.31038819852866, 86.77206413843852]","[33.0, -180.0]","[-189.0, 3.0]","[74.0, -141.0]","[-36.0, 127.0]","[-54.0, 30.0]","[-121.0, -169.0]","[-169.0, -103.0]","[-136.0, 201.0]","[213.0, 223.0]","[57.0, -188.0]","[-152.0, 215.0]","[205.0, 200.0]","[231.0, -45.0]","[-114.0, -68.0]","[97.0, -160.0]","[-231.0, -89.0]","[213.0, -56.0]","[-76.0, 246.0]","[236.0, 243.0]","[-51.0, -12.0]","[-220.0, -206.0]","[72.0, 130.0]","[-26.0, 12.0]","[-123.0, -4.0]","[-59.0, 98.0]","[-201.0, -247.0]","[44.552229207816524, -84.16488561350222]","[-154.0, 173.0]","[-162.0, 31.0]","[-155.0, 117.0]","[0.0, 85.0]","[242.0, 64.0]","[37.0, -55.0]","[-173.0, 56.0]","[-138.0, -26.0]","[21.0, 212.0]","[-160.0, 231.0]","[-230.0, -55.0]","[167.0, -93.0]","[-206.0, 225.0]","[-154.0, 42.0]","[11.0, 114.0]","[49.0, 211.0]","[-169.0, -44.0]","[48.0, -24.0]","[-217.0, 225.0]","[225.0, 120.0]","[-240.0, -162.0]","[-39.0, 192.0]","[160.0, 28.0]","[20.0, -66.0]","[57.0, -113.0]","[-72.0, 166.0]","[114.0, 22.0]","[-246.0, 53.0]","[10.0, 199.0]","[-117.0, -75.0]","[-2.0, -94.0]","[12.216665536165074, 180.96208917379445]","[110.31939547419535, -160.5821685075912]","[69.44633561500501, 123.54577442833221]","[144.67279353379735, 27.804418482781053]","[53.13561415910905, -82.75297394872021]"
"[10.035533113962073, 246.9356947797497]","[-42.29843514394765, 211.1999587333051]","[200.88149093338848, 81.83786980855248]","[-234.3924830521384, -118.08238057033238]","[44.599986542594685, -219.5304755448268]","[-9.290135216849182, -136.6048328483941]","[149.7811890545206, -126.51901670301375]","[56.153472308523675, 29.137492389371374]","[114.0074502104627, 109.51644460632235]","[-97.0152973425614, 19.51588108689607]","[-199.89580140093992, 100.80189160288099]","[-246.2302852209456, 96.00171917299006]","[-193.00217140040243, 226.3702933556953]","[-160.49381169637758, 102.09383234509004]","[124.70594881234669, -238.88834475657364]","[-132.34179319984239, 21.662171486178657]","[54.387224115105944, 14.543472193183943]","[58.47580958843371, 104.86276242449115]","[-214.92426947691612, 119.33524456245534]","[181.45124569862185, 239.26376690717484]","[-8.537719397141862, 178.52671460917438]","[-134.69651298481955, 187.13533031826998]","[-212.05333820032678, 180.45364253022262]","[-238.70588740840273, 213.05724526752516]","[-114.83328096632457, 41.02140147598553]","[207.99575405161832, 53.635761397941394]","[78.28627103731162, 51.77060709876621]","[-168.6985603328675, 115.06034171585958]","[-58.71538937254365, 121.62936709216218]","[24.44261104833832, -129.8064338109862]","[-191.69661808769757, -14.039674336590764]","[151.91892547590712, -231.504544027082]","[88.24009173576329, 249.6505024603804]","[132.73673443004216, 75.56189766740825]","[123.6980347443966, 235.27683926302186]","[216.2771629005418, 241.6427302229514]","[225.2640814666772, -72.3353013578123]","[217.57733310709457, 79.1244207332865]","[-152.62770156433373, -182.72612335813395]","[90.33887479192632, -178.10983908036062]","[-212.57037607729478, -189.23403600173114]","[69.31038819852866, 86.77206413843852]","[31.265136507177257, -179.83051707384269]","[-187.51373046974797, 3.0249758474557384]","[72.56450905220255, -139.40846628343468]","[-35.37260013168115, 125.88974635300285]","[-55.5319081288182, 31.785797472381297]","[-119.47291131058304, -167.981402363815]","[-167.1605750617035, -103.1560005912782]","[-136.3297274865432, 200.72447388718996]","[214.53877570606454, 222.53917111843447]","[55.27664212341904, -189.92390988139258]","[-150.44126717823158, 213.20290720670906]","[204.67664728384537, 200.66336630009377]","[229.1855686096988, -43.34593731625496]","[-112.42341985075385, -66.28007589401686]","[96.94715176039354, -161.62745138998588]","[-231.7639002299901, -87.3436040957661]","[214.8106845767269, -55.925046532931326]","[-76.37790546727352, 244.83127945359195]","[234.43883876147794, 241.4686131586277]","[-49.12683600782497, -13.873477453817182]","[-220.47338131347118, -204.2822748322556]","[73.55411224939675, 129.6505326787023]","[-26.429161160666823, 12.46697793248498]","[-124.84407626481949, -2.4051005701874604]","[-58.1655906844508, 96.20730365374364]","[-199.60700338968948, -245.0640428886961]","[41.71649129840246, -83.33976481240968]","[-155.22155028096844, 172.27460670675603]","[-163.92466840004178, 30.66777583235832]","[-156.14507439440752, 118.2093194538412]","[1.4954874637420597, 86.80726001503754]","[243.9587629706832, 62.64786592191085]","[35.687959798181744, -55.28607264973301]","[-174.32666060460838, 56.21460613124742]","[-137.0824551974183, -24.773882892701668]","[19.13715992276166, 211.21003380927925]","[-161.5317685619637, 229.30900521009897]","[-228.24936315181876, -55.86273126914449]","[168.46340604988012, -93.27359815986289]","[-204.47930134132858, 226.91616615298545]","[-152.37297381299578, 40.26346756760106]","[-3.075068857949372, 110.194879101381]","[47.3549012982793, 209.23083317156934]","[-170.63703254077302, -44.335719876020775]","[47.39576907519428, -25.43180420114249]","[-215.74684180610737, 225.8550024629677]","[224.78388543862886, 119.82900597934453]","[-240.0, -162.0]","[-39.0, 192.0]","[160.0, 28.0]","[20.0, -66.0]","[57.0, -113.0]","[-72.0, 166.0]","[114.0, 22.0]","[-246.0, 53.0]","[10.0, 199.0]","[-117.0, -75.0]","[-2.0, -94.0]","[-32.19191882968017, 164.4837990379367]","[140.75360704243613, -132.3992790341765]","[22.65648148426386, 115.06302965707644]","[181.98873249767104, 58.00899004459645]","[14.34091958564209, -111.12438684899784]"
"[10.035533113962073, 246.9356947797497]","[-42.29843514394765, 211.1999587333051]","[200.8895426842789, 82.30249673080907]","[-234.3924830521384, -118.08238057033238]","[44.599986542594685, -219.5304755448268]","[-9.290135216849182, -136.6048328483941]","[149.7811890545206, -126.51901670301375]","[56.153472308523675, 29.137492389371374]","[114.0074502104627, 109.51644460632235]","[-97.0152973425614, 19.51588108689607]","[-199.89580140093992, 100.80189160288099]","[-246.2302852209456, 96.00171917299006]","[-193.00217140040243, 226.3702933556953]","[-160.49381169637758, 102.09383234509004]","[124.70594881234669, -238.88834475657364]","[-132.34179319984239, 21.662171486178657]","[54.387224115105944, 14.543472193183943]","[58.47580958843371, 104.86276242449115]","[-214.92426947691612, 119.33524456245534]","[181.45124569862185, 239.26376690717484]","[-8.537719397141862, 178.52671460917438]","[-134.69651298481955, 187.13533031826998]","[-212.05333820032678, 180.45364253022262]","[-238.70588740840273, 213.05724526752516]","[-114.83328096632457, 41.02140147598553]","[207.99575405161832, 53.635761397941394]","[78.28627103731162, 51.77060709876621]","[-168.6985603328675, 115.06034171585958]","[-58.71538937254365, 121.62936709216218]","[24.44261104833832, -129.8064338109862]","[-191.69661808769757, -14.039674336590764]","[151.91892547590712, -231.504544027082]","[88.24009173576329, 249.6505024603804]","[132.73673443004216, 75.56189766740825]","[123.6980347443966, 235.27683926302186]","[216.2771629005418, 241.6427302229514]","[225.2640814666772, -72.3353013578123]","[217.57733310709457, 79.1244207332865]","[-152.62770156433373, -182.72612335813395]","[90.33887479192632, -178.10983908036062]","[-212.57037607729478, -189.23403600173114]","[69.31038819852866, 86.77206413843852]","[31.265136507177257, -179.83051707384269]","[-187.51373046974797, 3.0249758474557384]","[72.56450905220255, -139.40846628343468]","[-35.37260013168115, 125.88974635300285]","[-55.5319081288182, 31.785797472381297]","[-119.47291131058304, -167.981402363815]","[-167.1605750617035, -103.1560005912782]","[-136.3297274865432, 200.72447388718996]","[214.53877570606454, 222.53917111843447]","[55.27664212341904, -189.92390988139258]","[-150.44126717823158, 213.20290720670906]","[204.67664728384537, 200.66336630009377]","[229.1855686096988, -43.34593731625496]","[-112.42341985075385, -66.28007589401686]","[96.94715176039354, -161.62745138998588]","[-231.7639002299901, -87.3436040957661]","[214.8106845767269, -55.925046532931326]","[-76.37790546727352, 244.83127945359195]","[234.43883876147794, 241.4686131586277]","[-49.12683600782497, -13.873477453817182]","[-220.47338131347118, -204.2822748322556]","[73.55411224939675, 129.6505326787023]","[-26.429161160666823, 12.46697793248498]","[-124.84407626481949, -2.4051005701874604]","[-58.1655906844508, 96.20730365374364]","[-199.60700338968948, -245.0640428886961]","[41.71649129840246, -83.33976481240968]","[-155.22155028096844, 172.27460670675603]","[-163.92466840004178, 30.66777583235832]","[-156.14507439440752, 118.2093194538412]","[1.4954874637420597, 86.80726001503754]","[243.9587629706832, 62.64786592191085]","[35.687959798181744, -55.28607264973301]","[-174.32666060460838, 56.21460613124742]","[-137.0824551974183, -24.773882892701668]","[19.13715992276166, 211.21003380927925]","[-161.5317685619637, 229.30900521009897]","[-228.24936315181876, -55.86273126914449]","[168.46340604988012, -93.27359815986289]","[-204.47930134132858, 226.91616615298545]","[-152.37297381299578, 40.26346756760106]","[-3.075068857949372, 110.194879101381]","[47.3549012982793, 209.23083317156934]","[-170.63703254077302, -44.335719876020775]","[47.39576907519428, -25.43180420114249]","[-215.74684180610737, 225.8550024629677]","[224.78388543862886, 119.82900597934453]","[-238.42583229819965, -160.12464404364343]","[-38.567442175748475, 191.88452712675988]","[159.1492661324826, 27.013371190270284]","[19.28531686098078, -65.11100555825661]","[58.66536466235446, -114.31703980502337]","[-72.16136206712116, 165.15328880811458]","[112.18229396767661, 23.501251540918272]","[-245.69681493247847, 53.79989997401911]","[10.649452469060599, 199.8397093303691]","[-117.55613316396648, -74.06478239640394]","[-2.691139012250759, -93.65011368764948]","[-83.95192425608026, 145.30893506289178]","[142.31264205559765, -158.33865700487476]","[-31.519142808316225, 104.13130468788499]","[200.73233152566556, 78.19318558931364]","[-11.320045132223306, -126.20294402439497]"
"[8.071066227924145, 246.8713895594994]","[-41.5968702878953, 211.3999174666102]","[200.91078707432038, 89.4732086479159]","[-233.7849661042768, -117.16476114066475]","[43.19997308518937, -221.0609510896536]","[-9.580270433698363, -135.2096656967882]","[149.56237810904122, -126.0380334060275]","[55.30694461704735, 28.27498477874275]","[113.01490042092539, 108.0328892126447]","[-98.0305946851228, 19.03176217379214]","[-200.79160280187983, 100.60378320576197]","[-247.4605704418912, 95.00343834598013]","[-192.00434280080486, 225.74058671139062]","[-161.98762339275515, 100.18766469018007]","[126.41189762469338, -239.7766895131473]","[-130.68358639968477, 21.324342972357314]","[54.77444823021189, 13.086944386367886]","[59.951619176867425, 105.7255248489823]","[-216.84853895383225, 117.67048912491069]","[180.9024913972437, 237.52753381434968]","[-10.075438794283723, 179.05342921834875]","[-136.3930259696391, 188.27066063653996]","[-212.10667640065355, 179.90728506044525]","[-237.41177481680546, 214.11449053505032]","[-114.66656193264913, 40.042802951971055]","[209.99150810323664, 52.27152279588279]","[77.57254207462324, 53.541214197532426]","[-169.39712066573497, 114.12068343171916]","[-57.430778745087295, 120.25873418432437]","[22.885222096676642, -131.61286762197238]","[-191.39323617539515, -14.079348673181528]","[152.83785095181423, -233.009088054164]","[87.48018347152657, 251.30100492076082]","[132.47346886008432, 75.12379533481649]","[123.6980347443966, 235.27683926302186]","[216.2771629005418, 241.6427302229514]","[225.2640814666772, -72.3353013578123]","[217.57733310709457, 79.1244207332865]","[-152.62770156433373, -182.72612335813395]","[90.33887479192632, -178.10983908036062]","[-212.57037607729478, -189.23403600173114]","[69.31038819852866, 86.77206413843852]","[31.265136507177257, -179.83051707384269]","[-187.51373046974797, 3.0249758474557384]","[72.56450905220255, -139.40846628343468]","[-35.37260013168115, 125.88974635300285]","[-55.5319081288182, 31.785797472381297]","[-119.47291131058304, -167.981402363815]","[-167.1605750617035, -103.1560005912782]","[-136.3297274865432, 200.72447388718996]","[214.53877570606454, 222.53917111843447]","[55.27664212341904, -189.92390988139258]","[-150.44126717823158, 213.20290720670906]","[204.67664728384537, 200.66336630009377]","[229.1855686096988, -43.34593731625496]","[-112.42341985075385, -66.28007589401686]","[96.94715176039354, -161.62745138998588]","[-231.7639002299901, -87.3436040957661]","[214.8106845767269, -55.925046532931326]","[-76.37790546727352, 244.83127945359195]","[234.43883876147794, 241.4686131586277]","[-49.12683600782497, -13.873477453817182]","[-220.47338131347118, -204.2822748322556]","[73.55411224939675, 129.6505326787023]","[-26.429161160666823, 12.46697793248498]","[-124.84407626481949, -2.4051005701874604]","[-58.1655906844508, 96.20730365374364]","[-199.60700338968948, -245.0640428886961]","[41.71649129840246, -83.33976481240968]","[-155.22155028096844, 172.27460670675603]","[-163.92466840004178, 30.66777583235832]","[-174.17959901379623, 110.7293717106949]","[1.4954874637420597, 86.80726001503754]","[243.9587629706832, 62.64786592191085]","[35.687959798181744, -55.28607264973301]","[-174.32666060460838, 56.21460613124742]","[-137.0824551974183, -24.773882892701668]","[19.13715992276166, 211.21003380927925]","[-161.5317685619637, 229.30900521009897]","[-228.24936315181876, -55.86273126914449]","[168.46340604988012, -93.27359815986289]","[-204.47930134132858, 226.91616615298545]","[-152.37297381299578, 40.26346756760106]","[-3.075068857949372, 110.194879101381]","[47.3549012982793, 209.23083317156934]","[-170.63703254077302, -44.335719876020775]","[47.39576907519428, -25.43180420114249]","[-215.74684180610737, 225.8550024629677]","[224.78388543862886, 119.82900597934453]","[-238.42583229819965, -160.12464404364343]","[-38.567442175748475, 191.88452712675988]","[159.1492661324826, 27.013371190270284]","[19.28531686098078, -65.11100555825661]","[58.66536466235446, -114.31703980502337]","[-72.16136206712116, 165.15328880811458]","[112.18229396767661, 23.501251540918272]","[-245.69681493247847, 53.79989997401911]","[10.649452469060599, 199.8397093303691]","[-117.55613316396648, -74.06478239640394]","[-2.691139012250759, -93.65011368764948]","[-141.69433610675011, 123.88229293347405]","[135.3414933675214, -219.44689784771495]","[-91.87283625542004, 91.98456327710889]","[188.2810577790432, 138.44789825016227]","[-72.79351192194524, -120.92746240082427]"
"[8.071066227924145, 246.8713895594994]","[-41.5968702878953, 211.3999174666102]","[200.91078707432038, 89.4732086479159]","[-233.7849661042768, -117.16476114066475]","[43.19997308518937, -221.0609510896536]","[-9.580270433698363, -135.2096656967882]","[149.56237810904122, -126.0380334060275]","[55.30694461704735, 28.27498477874275]","[113.01490042092539, 108.0328892126447]","[-98.0305946851228, 19.03176217379214]","[-200.79160280187983, 100.60378320576197]","[-247.4605704418912, 95.00343834598013]","[-192.00434280080486, 225.74058671139062]","[-161.98762339275515, 100.18766469018007]","[123.04762926275941, -241.18397233818166]","[-130.68358639968477, 21.324342972357314]","[54.77444823021189, 13.086944386367886]","[59.951619176867425, 105.7255248489823]","[-216.84853895383225, 117.67048912491069]","[180.9024913972437, 237.52753381434968]","[-10.075438794283723, 179.05342921834875]","[-136.3930259696391, 188.27066063653996]","[-212.10667640065355, 179.90728506044525]","[-237.41177481680546, 214.11449053505032]","[-114.66656193264913, 40.042802951971055]","[209.99150810323664, 52.27152279588279]","[77.57254207462324, 53.541214197532426]","[-195.79564395687441, 106.64682298082258]","[-57.430778745087295, 120.25873418432437]","[22.885222096676642, -131.61286762197238]","[-191.39323617539515, -14.079348673181528]","[152.83785095181423, -233.009088054164]","[87.48018347152657, 251.30100492076082]","[132.47346886008432, 75.12379533481649]","[122.39606948879319, 235.5536785260437]","[216.55432580108362, 242.2854604459028]","[223.5281629333544, -72.6706027156246]","[218.15466621418915, 77.248841466573]","[-152.25540312866747, -181.4522467162679]","[88.67774958385263, -177.21967816072123]","[-211.14075215458956, -187.46807200346228]","[67.62077639705731, 88.54412827687705]","[29.530273014354513, -179.66103414768537]","[-186.02746093949594, 3.049951694911477]","[71.1290181044051, -137.81693256686935]","[-34.74520026336231, 124.7794927060057]","[-57.063816257636404, 33.571594944762595]","[-117.94582262116609, -166.96280472763]","[-165.321150123407, -103.3120011825564]","[-136.65945497308638, 200.44894777437992]","[216.07755141212908, 222.07834223686893]","[53.553284246838075, -191.84781976278515]","[-148.88253435646317, 211.4058144134181]","[204.35329456769074, 201.32673260018754]","[227.3711372193976, -41.69187463250992]","[-110.84683970150769, -64.56015178803372]","[96.89430352078708, -163.25490277997176]","[-232.5278004599802, -85.68720819153219]","[216.62136915345383, -55.85009306586265]","[-76.75581093454704, 243.6625589071839]","[232.87767752295588, 239.9372263172554]","[-47.25367201564994, -15.746954907634365]","[-220.94676262694236, -202.56454966451122]","[75.1082244987935, 129.30106535740458]","[-26.858322321333645, 12.93395586496996]","[-126.68815252963898, -0.8102011403749207]","[-57.331181368901596, 94.41460730748727]","[-198.21400677937896, -243.1280857773922]","[42.087051290597195, -82.34832466427474]","[-156.4431005619369, 171.54921341351206]","[-165.84933680008356, 30.33555166471664]","[-205.5266165677581, 103.88348885873187]","[2.9909749274841193, 88.61452003007508]","[245.91752594136642, 61.2957318438217]","[34.37591959636349, -55.572145299466015]","[-174.32666060460838, 56.21460613124742]","[-137.0824551974183, -24.773882892701668]","[19.13715992276166, 211.21003380927925]","[-161.5317685619637, 229.30900521009897]","[-228.24936315181876, -55.86273126914449]","[168.46340604988012, -93.27359815986289]","[-204.47930134132858, 226.91616615298545]","[-152.37297381299578, 40.26346756760106]","[-3.075068857949372, 110.194879101381]","[47.3549012982793, 209.23083317156934]","[-170.63703254077302, -44.335719876020775]","[47.39576907519428, -25.43180420114249]","[-215.74684180610737, 225.8550024629677]","[224.78388543862886, 119.82900597934453]","[-238.42583229819965, -160.12464404364343]","[-38.567442175748475, 191.88452712675988]","[159.1492661324826, 27.013371190270284]","[19.28531686098078, -65.11100555825661]","[58.66536466235446, -114.31703980502337]","[-72.16136206712116, 165.15328880811458]","[112.18229396767661, 23.501251540918272]","[-245.69681493247847, 53.79989997401911]","[10.649452469060599, 199.8397093303691]","[-117.55613316396648, -74.06478239640394]","[-2.691139012250759, -93.65011368764948]","[-194.93920891943176, 105.7519502324889]","[117.59804939955214, -236.8979310720447]","[-152.2853539651311, 79.85752141451763]","[177.19153615093302, 197.36798695140413]","[-134.52602411465665, -115.60917420776663]"
"[8.071066227924145, 246.8713895594994]","[-41.5968702878953, 211.3999174666102]","[200.91078707432038, 89.4732086479159]","[-233.7849661042768, -117.16476114066475]","[43.19997308518937, -221.0609510896536]","[-9.580270433698363, -135.2096656967882]","[149.56237810904122, -126.0380334060275]","[55.30694461704735, 28.27498477874275]","[113.01490042092539, 108.0328892126447]","[-98.0305946851228, 19.03176217379214]","[-202.09145371038832, 98.82883541566842]","[-247.4605704418912, 95.00343834598013]","[-192.00434280080486, 225.74058671139062]","[-161.98762339275515, 100.18766469018007]","[115.14511094918767, -244.66973403624738]","[-130.68358639968477, 21.324342972357314]","[54.77444823021189, 13.086944386367886]","[59.951619176867425, 105.7255248489823]","[-216.84853895383225, 117.67048912491069]","[180.9024913972437, 237.52753381434968]","[-10.075438794283723, 179.05342921834875]","[-136.3930259696391, 188.27066063653996]","[-212.10667640065355, 179.90728506044525]","[-237.41177481680546, 214.11449053505032]","[-114.66656193264913, 40.042802951971055]","[209.99150810323664, 52.27152279588279]","[77.57254207462324, 53.541214197532426]","[-217.56989688365883, 113.62496639568684]","[-57.430778745087295, 120.25873418432437]","[22.885222096676642, -131.61286762197238]","[-191.39323617539515, -14.079348673181528]","[152.83785095181423, -233.009088054164]","[87.48018347152657, 251.30100492076082]","[132.47346886008432, 75.12379533481649]","[122.39606948879319, 235.5536785260437]","[216.55432580108362, 242.2854604459028]","[223.5281629333544, -72.6706027156246]","[218.15466621418915, 77.248841466573]","[-152.25540312866747, -181.4522467162679]","[88.67774958385263, -177.21967816072123]","[-211.14075215458956, -187.46807200346228]","[67.62077639705731, 88.54412827687705]","[29.530273014354513, -179.66103414768537]","[-186.02746093949594, 3.049951694911477]","[71.1290181044051, -137.81693256686935]","[-34.74520026336231, 124.7794927060057]","[-57.063816257636404, 33.571594944762595]","[-117.94582262116609, -166.96280472763]","[-165.321150123407, -103.3120011825564]","[-136.65945497308638, 200.44894777437992]","[216.07755141212908, 222.07834223686893]","[53.553284246838075, -191.84781976278515]","[-148.88253435646317, 211.4058144134181]","[204.35329456769074, 201.32673260018754]","[227.3711372193976, -41.69187463250992]","[-110.84683970150769, -64.56015178803372]","[96.89430352078708, -163.25490277997176]","[-232.5278004599802, -85.68720819153219]","[216.62136915345383, -55.85009306586265]","[-76.75581093454704, 243.6625589071839]","[232.87767752295588, 239.9372263172554]","[-47.25367201564994, -15.746954907634365]","[-220.94676262694236, -202.56454966451122]","[75.1082244987935, 129.30106535740458]","[-26.858322321333645, 12.93395586496996]","[-126.68815252963898, -0.8102011403749207]","[-57.331181368901596, 94.41460730748727]","[-198.21400677937896, -243.1280857773922]","[42.087051290597195, -82.34832466427474]","[-156.4431005619369, 171.54921341351206]","[-165.84933680008356, 30.33555166471664]","[-206.96522922965417, 102.46256718287935]","[2.9909749274841193, 88.61452003007508]","[245.91752594136642, 61.2957318438217]","[34.37591959636349, -55.572145299466015]","[-175.65332120921676, 56.42921226249484]","[-136.16491039483662, -23.547765785403335]","[17.274319845523323, 210.4200676185585]","[-163.0635371239274, 227.61801042019795]","[-226.4987263036375, -56.72546253828898]","[169.92681209976024, -93.54719631972577]","[-202.95860268265716, 228.8323323059709]","[-150.74594762599156, 38.52693513520212]","[-3.246925514341915, 108.35645831765108]","[45.7098025965586, 207.4616663431387]","[-172.27406508154604, -44.67143975204155]","[46.79153815038856, -26.86360840228498]","[-214.49368361221474, 226.71000492593538]","[224.56777087725771, 119.65801195868906]","[-236.8516645963993, -158.24928808728686]","[-38.13488435149695, 191.76905425351976]","[158.29853226496522, 26.02674238054057]","[18.570633721961563, -64.22201111651322]","[60.330729324708926, -115.63407961004674]","[-72.32272413424232, 164.30657761622916]","[110.36458793535323, 25.002503081836544]","[-245.39362986495695, 54.599799948038225]","[11.298904938121197, 200.67941866073818]","[-118.11226632793296, -73.12956479280788]","[-3.3822780245015176, -93.30022737529896]","[-212.10440472539585, 109.9607837288308]","[59.95293281645496, -231.09200089534974]","[-182.7093094521255, 78.98424183989181]","[174.83931050868117, 217.10768071943207]","[-191.01784853894603, -110.7651828046243]"
"[6.106599341886218, 246.8070843392491]","[-40.89530543184295, 211.5998761999153]","[201.79227800770886, 88.31107845646838]","[-233.1774491564152, -116.24714171099713]","[41.799959627784055, -222.5914266344804]","[-9.870405650547545, -133.8144985451823]","[149.34356716356183, -125.55705010904124]","[54.460416925571025, 27.412477168114123]","[112.02235063138808, 106.54933381896706]","[-99.04589202768419, 18.547643260688208]","[-204.3582568813137, 96.77804753797915]","[-248.6908556628368, 94.0051575189702]","[-191.0065142012073, 225.11088006708593]","[-163.48143508913273, 98.2814970352701]","[110.18826522572104, -248.51862356958023]","[-129.02537959952716, 20.98651445853597]","[55.16167234531783, 11.630416579551829]","[61.42742876530114, 106.58828727347345]","[-218.77280843074837, 116.00573368736603]","[180.35373709586554, 235.79130072152452]","[-11.613158191425585, 179.58014382752313]","[-138.08953895445865, 189.40599095480994]","[-212.16001460098033, 179.36092759066787]","[-237.41177481680546, 215.17173580257548]","[-114.66656193264913, 40.042802951971055]","[209.99150810323664, 52.27152279588279]","[77.57254207462324, 53.541214197532426]","[-232.56396376095853, 123.06898717137707]","[-57.430778745087295, 120.25873418432437]","[22.885222096676642, -131.61286762197238]","[-191.39323617539515, -14.079348673181528]","[152.83785095181423, -233.009088054164]","[87.48018347152657, 251.30100492076082]","[132.47346886008432, 75.12379533481649]","[122.39606948879319, 235.5536785260437]","[216.55432580108362, 242.2854604459028]","[223.5281629333544, -72.6706027156246]","[218.15466621418915, 77.248841466573]","[-152.25540312866747, -181.4522467162679]","[88.67774958385263, -177.21967816072123]","[-211.14075215458956, -187.46807200346228]","[67.62077639705731, 88.54412827687705]","[29.530273014354513, -179.66103414768537]","[-186.02746093949594, 3.049951694911477]","[71.1290181044051, -137.81693256686935]","[-34.74520026336231, 124.7794927060057]","[-57.063816257636404, 33.571594944762595]","[-117.94582262116609, -166.96280472763]","[-165.321150123407, -103.3120011825564]","[-136.65945497308638, 200.44894777437992]","[216.07755141212908, 222.07834223686893]","[53.553284246838075, -191.84781976278515]","[-148.88253435646317, 211.4058144134181]","[204.35329456769074, 201.32673260018754]","[227.3711372193976, -41.69187463250992]","[-110.84683970150769, -64.56015178803372]","[96.89430352078708, -163.25490277997176]","[-232.5278004599802, -85.68720819153219]","[216.62136915345383, -55.85009306586265]","[-76.75581093454704, 243.6625589071839]","[232.87767752295588, 239.9372263172554]","[-47.25367201564994, -15.746954907634365]","[-220.94676262694236, -202.56454966451122]","[75.1082244987935, 129.30106535740458]","[-26.858322321333645, 12.93395586496996]","[-126.68815252963898, -0.8102011403749207]","[-57.331181368901596, 94.41460730748727]","[-198.21400677937896, -243.1280857773922]","[42.087051290597195, -82.34832466427474]","[-156.4431005619369, 171.54921341351206]","[-165.84933680008356, 30.33555166471664]","[-207.92407229200475, 101.46425223126536]","[2.9909749274841193, 88.61452003007508]","[245.91752594136642, 61.2957318438217]","[34.37591959636349, -55.572145299466015]","[-175.65332120921676, 56.42921226249484]","[-136.16491039483662, -23.547765785403335]","[17.274319845523323, 210.4200676185585]","[-163.0635371239274, 227.61801042019795]","[-226.4987263036375, -56.72546253828898]","[169.92681209976024, -93.54719631972577]","[-202.95860268265716, 228.8323323059709]","[-150.74594762599156, 38.52693513520212]","[-3.246925514341915, 108.35645831765108]","[45.7098025965586, 207.4616663431387]","[-172.27406508154604, -44.67143975204155]","[46.79153815038856, -26.86360840228498]","[-214.49368361221474, 226.71000492593538]","[224.56777087725771, 119.65801195868906]","[-236.8516645963993, -158.24928808728686]","[-38.13488435149695, 191.76905425351976]","[158.29853226496522, 26.02674238054057]","[18.570633721961563, -64.22201111651322]","[60.330729324708926, -115.63407961004674]","[-72.32272413424232, 164.30657761622916]","[110.36458793535323, 25.002503081836544]","[-245.39362986495695, 54.599799948038225]","[11.298904938121197, 200.67941866073818]","[-118.11226632793296, -73.12956479280788]","[-3.3822780245015176, -93.30022737529896]","[-206.25833274656756, 145.7791265507179]","[50.58692168296516, -230.757776764627]","[-235.31344443256003, 87.78607528673788]","[148.67837955562018, 167.00403017339355]","[-223.11955194194752, -108.02727462024556]"
"[6.106599341886218, 246.8070843392491]","[-40.89530543184295, 211.5998761999153]","[201.79227800770886, 88.31107845646838]","[-233.1774491564152, -116.24714171099713]","[41.799959627784055, -222.5914266344804]","[-9.870405650547545, -133.8144985451823]","[149.34356716356183, -125.55705010904124]","[54.460416925571025, 27.412477168114123]","[112.02235063138808, 106.54933381896706]","[-99.04589202768419, 18.547643260688208]","[-204.3582568813137, 96.77804753797915]","[-248.6908556628368, 94.0051575189702]","[-191.0065142012073, 225.11088006708593]","[-163.48143508913273, 98.2814970352701]","[110.18826522572104, -248.51862356958023]","[-129.02537959952716, 20.98651445853597]","[55.16167234531783, 11.630416579551829]","[61.42742876530114, 106.58828727347345]","[-218.77280843074837, 116.00573368736603]","[180.35373709586554, 235.79130072152452]","[-11.613158191425585, 179.58014382752313]","[-138.08953895445865, 189.40599095480994]","[-212.16001460098033, 179.36092759066787]","[-236.1176622252082, 215.17173580257548]","[-114.4998428989737, 39.06420442795658]","[211.98726215485496, 50.90728419382418]","[76.85881311193486, 55.31182129629864]","[-234.45325946615418, 122.86890150501287]","[-56.14616811763094, 118.88810127648655]","[21.327833145014964, -133.41930143295858]","[-191.08985426309272, -14.119023009772292]","[153.75677642772135, -234.51363208124602]","[86.72027520728986, 249.6505024603804]","[132.2102032901265, 74.68569300222474]","[121.09410423318978, 235.83051778906557]","[216.83148870162543, 242.9281906688542]","[221.7922444000316, -73.0059040734369]","[218.73199932128372, 75.3732621998595]","[-151.8831046930012, -180.17837007440184]","[87.01662437577895, -176.32951724108185]","[-209.71112823188435, -185.70210800519342]","[65.93116459558597, 90.31619241531557]","[27.79540952153177, -179.49155122152806]","[-184.5411914092439, 3.0749275423672153]","[69.69352715660766, -136.22539885030403]","[-34.11780039504346, 123.66923905900855]","[-58.595724386454606, 35.35739241714389]","[-116.41873393174913, -165.94420709144498]","[-163.4817251851105, -103.4680017738346]","[-136.98918245962957, 200.17342166156988]","[217.61632711819362, 221.6175133553034]","[51.82992637025711, -193.77172964417773]","[-147.32380153469475, 209.60872162012717]","[204.0299418515361, 201.9900989002813]","[225.55670582909642, -40.03781194876488]","[-109.27025955226154, -62.84022768205058]","[96.84145528118061, -164.88235416995764]","[-233.2917006899703, -84.03081228729829]","[218.43205373018074, -55.77513959879398]","[-77.13371640182056, 242.49383836077584]","[231.31651628443382, 238.4058394758831]","[-45.38050802347491, -17.62043236145155]","[-221.42014394041354, -200.84682449676683]","[76.66233674819026, 128.95159803610687]","[-27.287483482000468, 13.40093379745494]","[-126.68815252963898, -0.8102011403749207]","[-57.331181368901596, 94.41460730748727]","[-198.21400677937896, -243.1280857773922]","[42.087051290597195, -82.34832466427474]","[-156.4431005619369, 171.54921341351206]","[-165.84933680008356, 30.33555166471664]","[-208.77271087274872, 100.57268380104117]","[2.9909749274841193, 88.61452003007508]","[245.91752594136642, 61.2957318438217]","[34.37591959636349, -55.572145299466015]","[-175.65332120921676, 56.42921226249484]","[-136.16491039483662, -23.547765785403335]","[17.274319845523323, 210.4200676185585]","[-163.0635371239274, 227.61801042019795]","[-226.4987263036375, -56.72546253828898]","[169.92681209976024, -93.54719631972577]","[-202.95860268265716, 228.8323323059709]","[-150.74594762599156, 38.52693513520212]","[-3.246925514341915, 108.35645831765108]","[45.7098025965586, 207.4616663431387]","[-169.196460826646, -35.0065368268014]","[46.79153815038856, -26.86360840228498]","[-214.49368361221474, 226.71000492593538]","[224.56777087725771, 119.65801195868906]","[-236.8516645963993, -158.24928808728686]","[-38.13488435149695, 191.76905425351976]","[158.29853226496522, 26.02674238054057]","[18.570633721961563, -64.22201111651322]","[60.330729324708926, -115.63407961004674]","[-72.32272413424232, 164.30657761622916]","[110.36458793535323, 25.002503081836544]","[-245.39362986495695, 54.599799948038225]","[11.298904938121197, 200.67941866073818]","[-118.11226632793296, -73.12956479280788]","[-3.3822780245015176, -93.30022737529896]","[-191.3311496429893, 203.19290252161326]","[108.9305401820041, -239.87901114227967]","[-228.84342714422652, 85.32535494359396]","[121.39174709285366, 115.25386390268699]","[-186.0015330882996, -63.281538471868636]"
"[6.106599341886218, 246.8070843392491]","[-40.89530543184295, 211.5998761999153]","[201.79227800770886, 88.31107845646838]","[-233.1774491564152, -116.24714171099713]","[41.799959627784055, -222.5914266344804]","[-9.870405650547545, -133.8144985451823]","[149.34356716356183, -125.55705010904124]","[54.460416925571025, 27.412477168114123]","[112.02235063138808, 106.54933381896706]","[-99.04589202768419, 18.547643260688208]","[-204.3582568813137, 96.77804753797915]","[-248.6908556628368, 94.0051575189702]","[-191.0065142012073, 225.11088006708593]","[-163.48143508913273, 98.2814970352701]","[110.18826522572104, -248.51862356958023]","[-129.02537959952716, 20.98651445853597]","[55.16167234531783, 11.630416579551829]","[61.42742876530114, 106.58828727347345]","[-218.77280843074837, 116.00573368736603]","[180.35373709586554, 235.79130072152452]","[-11.613158191425585, 179.58014382752313]","[-138.08953895445865, 189.40599095480994]","[-212.16001460098033, 179.36092759066787]","[-236.1176622252082, 215.17173580257548]","[-114.4998428989737, 39.06420442795658]","[211.98726215485496, 50.90728419382418]","[76.85881311193486, 55.31182129629864]","[-234.45325946615418, 122.86890150501287]","[-56.14616811763094, 118.88810127648655]","[21.327833145014964, -133.41930143295858]","[-191.08985426309272, -14.119023009772292]","[153.75677642772135, -234.51363208124602]","[86.72027520728986, 249.6505024603804]","[132.2102032901265, 74.68569300222474]","[121.09410423318978, 235.83051778906557]","[216.83148870162543, 242.9281906688542]","[221.7922444000316, -73.0059040734369]","[218.73199932128372, 75.3732621998595]","[-151.8831046930012, -180.17837007440184]","[87.01662437577895, -176.32951724108185]","[-209.71112823188435, -185.70210800519342]","[65.93116459558597, 90.31619241531557]","[27.79540952153177, -179.49155122152806]","[-184.5411914092439, 3.0749275423672153]","[69.69352715660766, -136.22539885030403]","[-34.11780039504346, 123.66923905900855]","[-58.595724386454606, 35.35739241714389]","[-116.41873393174913, -165.94420709144498]","[-163.4817251851105, -103.4680017738346]","[-136.98918245962957, 200.17342166156988]","[217.61632711819362, 221.6175133553034]","[51.82992637025711, -193.77172964417773]","[-147.32380153469475, 209.60872162012717]","[204.0299418515361, 201.9900989002813]","[225.55670582909642, -40.03781194876488]","[-109.27025955226154, -62.84022768205058]","[96.84145528118061, -164.88235416995764]","[-233.2917006899703, -84.03081228729829]","[218.43205373018074, -55.77513959879398]","[-77.13371640182056, 242.49383836077584]","[231.31651628443382, 238.4058394758831]","[-45.38050802347491, -17.62043236145155]","[-221.42014394041354, -200.84682449676683]","[76.66233674819026, 128.95159803610687]","[-27.287483482000468, 13.40093379745494]","[-128.5322287944585, 0.7846982894376189]","[-56.496772053352394, 92.62191096123091]","[-196.82101016906844, -241.19212866608828]","[42.45761128279193, -81.3568845161398]","[-157.66465084290533, 170.8238201202681]","[-167.77400520012534, 30.00332749707496]","[-210.0446485657499, 101.6520947524363]","[4.486462391226179, 90.42178004511263]","[247.87628891204963, 59.94359776573255]","[33.06387939454523, -55.85821794919902]","[-176.97998181382513, 56.643818393742265]","[-135.24736559225494, -22.321648678105003]","[15.411479768284982, 209.63010142783776]","[-164.5953056858911, 225.92701563029692]","[-224.74808945545627, -57.58819380743347]","[171.39021814964036, -93.82079447958866]","[-201.43790402398574, 230.74849845895636]","[-149.11892143898734, 36.790402702803185]","[-3.418782170734458, 106.51803753392115]","[44.064703894837905, 205.69249951470803]","[-167.07455772623297, -25.59514033437334]","[46.18730722558284, -28.295412603427472]","[-213.2405254183221, 227.56500738890307]","[224.35165631588657, 119.48701793803359]","[-235.27749689459895, -156.37393213093029]","[-37.702326527245425, 191.65358138027963]","[157.44779839744783, 25.040113570810853]","[17.855950582942345, -63.33301667476982]","[61.99609398706339, -116.95111941507011]","[-72.48408620136348, 163.45986642434374]","[108.54688190302984, 26.503754622754816]","[-245.09044479743542, 55.39969992205734]","[11.948357407181796, 201.51912799110727]","[-118.66839949189944, -72.19434718921183]","[-4.073417036752277, -92.95034106294844]","[-171.84745924914162, 217.39953678545334]","[131.16989039392655, -233.47925790043016]","[-174.26965393653316, 70.91131839666124]","[95.13778295721166, 65.398075938815]","[-150.02732398308888, -19.694524711096584]"
"[4.142132455848291, 246.74277911899878]","[-40.1937405757906, 211.79983493322038]","[202.67376894109734, 87.14894826502086]","[-232.5699322085536, -115.3295222813295]","[40.39994617037874, -224.1219021793072]","[-10.160540867396726, -132.41933139357639]","[149.12475621808244, -125.07606681205499]","[53.6138892340947, 26.549969557485497]","[111.02980084185077, 105.06577842528941]","[-100.06118937024559, 18.063524347584277]","[-205.25405828225362, 96.57993914086013]","[-248.6908556628368, 94.0051575189702]","[-191.0065142012073, 225.11088006708593]","[-163.48143508913273, 98.2814970352701]","[110.18826522572104, -248.51862356958023]","[-129.02537959952716, 20.98651445853597]","[55.16167234531783, 11.630416579551829]","[61.42742876530114, 106.58828727347345]","[-218.77280843074837, 116.00573368736603]","[180.35373709586554, 235.79130072152452]","[-11.613158191425585, 179.58014382752313]","[-138.08953895445865, 189.40599095480994]","[-212.16001460098033, 179.36092759066787]","[-236.1176622252082, 215.17173580257548]","[-114.4998428989737, 39.06420442795658]","[211.98726215485496, 50.90728419382418]","[76.85881311193486, 55.31182129629864]","[-234.45325946615418, 122.86890150501287]","[-56.14616811763094, 118.88810127648655]","[21.327833145014964, -133.41930143295858]","[-191.08985426309272, -14.119023009772292]","[153.75677642772135, -234.51363208124602]","[86.72027520728986, 249.6505024603804]","[132.2102032901265, 74.68569300222474]","[121.09410423318978, 235.83051778906557]","[216.83148870162543, 242.9281906688542]","[221.7922444000316, -73.0059040734369]","[218.73199932128372, 75.3732621998595]","[-151.8831046930012, -180.17837007440184]","[87.01662437577895, -176.32951724108185]","[-209.71112823188435, -185.70210800519342]","[65.93116459558597, 90.31619241531557]","[27.79540952153177, -179.49155122152806]","[-184.5411914092439, 3.0749275423672153]","[69.69352715660766, -136.22539885030403]","[-34.11780039504346, 123.66923905900855]","[-58.595724386454606, 35.35739241714389]","[-116.41873393174913, -165.94420709144498]","[-163.4817251851105, -103.4680017738346]","[-136.98918245962957, 200.17342166156988]","[217.61632711819362, 221.6175133553034]","[51.82992637025711, -193.77172964417773]","[-147.32380153469475, 209.60872162012717]","[204.0299418515361, 201.9900989002813]","[225.55670582909642, -40.03781194876488]","[-109.27025955226154, -62.84022768205058]","[96.84145528118061, -164.88235416995764]","[-233.2917006899703, -84.03081228729829]","[218.43205373018074, -55.77513959879398]","[-77.13371640182056, 242.49383836077584]","[231.31651628443382, 238.4058394758831]","[-45.38050802347491, -17.62043236145155]","[-221.42014394041354, -200.84682449676683]","[76.66233674819026, 128.95159803610687]","[-27.287483482000468, 13.40093379745494]","[-128.5322287944585, 0.7846982894376189]","[-56.496772053352394, 92.62191096123091]","[-196.82101016906844, -241.19212866608828]","[42.45761128279193, -81.3568845161398]","[-157.66465084290533, 170.8238201202681]","[-167.77400520012534, 30.00332749707496]","[-210.0446485657499, 101.6520947524363]","[4.486462391226179, 90.42178004511263]","[247.87628891204963, 59.94359776573255]","[33.06387939454523, -55.85821794919902]","[-176.97998181382513, 56.643818393742265]","[-135.24736559225494, -22.321648678105003]","[15.411479768284982, 209.63010142783776]","[-164.5953056858911, 225.92701563029692]","[-224.74808945545627, -57.58819380743347]","[171.39021814964036, -93.82079447958866]","[-201.43790402398574, 230.74849845895636]","[-149.11892143898734, 36.790402702803185]","[-3.418782170734458, 106.51803753392115]","[44.064703894837905, 205.69249951470803]","[-167.07455772623297, -25.59514033437334]","[46.18730722558284, -28.295412603427472]","[-213.2405254183221, 227.56500738890307]","[224.35165631588657, 119.48701793803359]","[-235.27749689459895, -156.37393213093029]","[-37.702326527245425, 191.65358138027963]","[157.44779839744783, 25.040113570810853]","[17.855950582942345, -63.33301667476982]","[61.99609398706339, -116.95111941507011]","[-72.48408620136348, 163.45986642434374]","[108.54688190302984, 26.503754622754816]","[-245.09044479743542, 55.39969992205734]","[11.948357407181796, 201.51912799110727]","[-118.66839949189944, -72.19434718921183]","[-4.073417036752277, -92.95034106294844]","[-107.46014688099808, 215.3412432478362]","[140.89618064610585, -169.39633105365436]","[-111.45760029423914, 54.324465300177415]","[65.953273569007, 9.87685752450341]","[-121.42350231088824, 14.946145468031911]"
"[4.142132455848291, 246.74277911899878]","[-40.1937405757906, 211.79983493322038]","[202.67376894109734, 87.14894826502086]","[-232.5699322085536, -115.3295222813295]","[40.39994617037874, -224.1219021793072]","[-10.160540867396726, -132.41933139357639]","[149.12475621808244, -125.07606681205499]","[53.6138892340947, 26.549969557485497]","[111.02980084185077, 105.06577842528941]","[-100.06118937024559, 18.063524347584277]","[-205.25405828225362, 96.57993914086013]","[-249.9211408837824, 93.00687669196026]","[-190.00868560160973, 224.48117342278124]","[-164.9752467855103, 96.37532938036014]","[111.89421403806773, -249.40696832615387]","[-127.36717279936954, 20.64868594471463]","[55.54889646042378, 10.173888772735772]","[62.90323835373485, 107.4510496979646]","[-220.6970779076645, 114.34097824982138]","[179.8049827944874, 234.05506762869936]","[-13.150877588567447, 180.1068584366975]","[-139.7860519392782, 190.54132127307992]","[-212.2133528013071, 178.8145701208905]","[-234.82354963361092, 216.22898107010064]","[-114.33312386529826, 38.08560590394211]","[213.98301620647328, 49.543045591765576]","[76.14508414924649, 57.08242839506485]","[-235.15181979902167, 121.92924322087245]","[-54.86155749017459, 117.51746836864874]","[19.770444193353285, -135.22573524394477]","[-190.7864723507903, -14.158697346363056]","[154.67570190362846, -236.01817610832802]","[85.96036694305315, 248.0]","[131.94693772016865, 74.24759066963298]","[119.79213897758638, 236.10735705208742]","[217.10865160216724, 243.5709208918056]","[220.0563258667088, -73.3412054312492]","[219.3093324283783, 73.497682933146]","[-151.51080625733493, -178.9044934325358]","[85.35549916770526, -175.43935632144246]","[-208.28150430917913, -183.93614400692456]","[64.24155279411463, 92.08825655375409]","[26.060546028709027, -179.32206829537074]","[-183.05492187899188, 3.0999033898229538]","[68.25803620881021, -134.6338651337387]","[-33.49040052672461, 122.5589854120114]","[-60.12763251527281, 37.14318988952519]","[-114.89164524233217, -164.92560945525997]","[-161.642300246814, -103.6240023651128]","[-137.31890994617277, 199.89789554875983]","[219.15510282425817, 221.15668447373787]","[50.10656849367615, -195.6956395255703]","[-145.76506871292634, 207.81162882683623]","[203.70658913538148, 202.65346520037508]","[223.74227443879522, -38.383749265019844]","[-107.69367940301538, -61.12030357606744]","[96.78860704157415, -166.50980555994352]","[-234.0556009199604, -82.37441638306439]","[220.24273830690765, -55.7001861317253]","[-77.51162186909409, 241.3251178143678]","[229.75535504591176, 236.87445263451082]","[-45.38050802347491, -17.62043236145155]","[-221.42014394041354, -200.84682449676683]","[76.66233674819026, 128.95159803610687]","[-27.287483482000468, 13.40093379745494]","[-128.5322287944585, 0.7846982894376189]","[-56.496772053352394, 92.62191096123091]","[-196.82101016906844, -241.19212866608828]","[42.45761128279193, -81.3568845161398]","[-157.66465084290533, 170.8238201202681]","[-167.77400520012534, 30.00332749707496]","[-210.0446485657499, 101.6520947524363]","[4.486462391226179, 90.42178004511263]","[247.87628891204963, 59.94359776573255]","[33.06387939454523, -55.85821794919902]","[-176.97998181382513, 56.643818393742265]","[-135.24736559225494, -22.321648678105003]","[15.411479768284982, 209.63010142783776]","[-164.5953056858911, 225.92701563029692]","[-224.74808945545627, -57.58819380743347]","[171.39021814964036, -93.82079447958866]","[-201.43790402398574, 230.74849845895636]","[-149.11892143898734, 36.790402702803185]","[-3.418782170734458, 106.51803753392115]","[44.064703894837905, 205.69249951470803]","[-167.07455772623297, -25.59514033437334]","[46.18730722558284, -28.295412603427472]","[-213.2405254183221, 227.56500738890307]","[224.35165631588657, 119.48701793803359]","[-235.27749689459895, -156.37393213093029]","[-37.702326527245425, 191.65358138027963]","[157.44779839744783, 25.040113570810853]","[17.855950582942345, -63.33301667476982]","[61.99609398706339, -116.95111941507011]","[-72.48408620136348, 163.45986642434374]","[108.54688190302984, 26.503754622754816]","[-245.09044479743542, 55.39969992205734]","[11.948357407181796, 201.51912799110727]","[-118.66839949189944, -72.19434718921183]","[-4.073417036752277, -92.95034106294844]","[-49.35964287664875, 213.49062649550632]","[147.3014269864209, -127.39443122205739]","[-50.59875398506171, 38.28336659523525]","[74.63143824274799, 26.843517618169066]","[-114.48058264652065, 18.580882841734173]"
"[4.142132455848291, 246.74277911899878]","[-34.04890957406963, 210.28864691121873]","[202.67376894109734, 87.14894826502086]","[-232.5699322085536, -115.3295222813295]","[40.39994617037874, -224.1219021793072]","[-10.160540867396726, -132.41933139357639]","[149.12475621808244, -125.07606681205499]","[53.6138892340947, 26.549969557485497]","[111.02980084185077, 105.06577842528941]","[-100.06118937024559, 18.063524347584277]","[-205.25405828225362, 96.57993914086013]","[-249.9211408837824, 93.00687669196026]","[-190.00868560160973, 224.48117342278124]","[-164.9752467855103, 96.37532938036014]","[111.89421403806773, -249.40696832615387]","[-127.36717279936954, 20.64868594471463]","[55.54889646042378, 10.173888772735772]","[62.90323835373485, 107.4510496979646]","[-220.6970779076645, 114.34097824982138]","[179.8049827944874, 234.05506762869936]","[-13.150877588567447, 180.1068584366975]","[-139.7860519392782, 190.54132127307992]","[-212.2133528013071, 178.8145701208905]","[-234.82354963361092, 216.22898107010064]","[-114.33312386529826, 38.08560590394211]","[213.98301620647328, 49.543045591765576]","[76.14508414924649, 57.08242839506485]","[-235.15181979902167, 121.92924322087245]","[-54.86155749017459, 117.51746836864874]","[19.770444193353285, -135.22573524394477]","[-190.7864723507903, -14.158697346363056]","[154.67570190362846, -236.01817610832802]","[85.96036694305315, 248.0]","[131.94693772016865, 74.24759066963298]","[119.79213897758638, 236.10735705208742]","[217.10865160216724, 243.5709208918056]","[220.0563258667088, -73.3412054312492]","[219.3093324283783, 73.497682933146]","[-151.51080625733493, -178.9044934325358]","[85.35549916770526, -175.43935632144246]","[-208.28150430917913, -183.93614400692456]","[64.24155279411463, 92.08825655375409]","[26.060546028709027, -179.32206829537074]","[-183.05492187899188, 3.0999033898229538]","[68.25803620881021, -134.6338651337387]","[-33.49040052672461, 122.5589854120114]","[-60.12763251527281, 37.14318988952519]","[-114.89164524233217, -164.92560945525997]","[-161.642300246814, -103.6240023651128]","[-137.31890994617277, 199.89789554875983]","[219.15510282425817, 221.15668447373787]","[50.10656849367615, -195.6956395255703]","[-145.76506871292634, 207.81162882683623]","[203.70658913538148, 202.65346520037508]","[223.74227443879522, -38.383749265019844]","[-107.69367940301538, -61.12030357606744]","[96.78860704157415, -166.50980555994352]","[-234.0556009199604, -82.37441638306439]","[220.24273830690765, -55.7001861317253]","[-77.51162186909409, 241.3251178143678]","[229.75535504591176, 236.87445263451082]","[-43.50734403129988, -19.493909815268733]","[-221.89352525388472, -199.12909932902244]","[78.21644899758701, 128.60213071480916]","[-27.71664464266729, 13.86791172993992]","[-130.376305059278, 2.3795977192501585]","[-55.66236273780319, 90.82921461497455]","[-195.42801355875793, -239.25617155478437]","[42.828171274986666, -80.36544436800486]","[-158.88620112387378, 170.09842682702413]","[-169.69867360016713, 29.67110332943328]","[-211.1897229601574, 102.8614142062775]","[5.981949854968239, 92.22904006015017]","[249.83505188273284, 58.5914636876434]","[31.75183919272698, -56.14429059893203]","[-178.3066424184335, 56.85842452498969]","[-134.32982078967325, -21.09553157080667]","[13.548639691046642, 208.840135237117]","[-166.1270742478548, 224.2360208403959]","[-222.99745260727502, -58.45092507657796]","[172.85362419952048, -94.09439263945154]","[-199.91720536531432, 232.66466461194182]","[-147.49189525198312, 35.053870270404246]","[-3.590638827127001, 104.67961675019122]","[42.41960519311721, 203.92333268627738]","[-168.711590267006, -25.930860210394115]","[45.58307630077712, -29.727216804569963]","[-211.98736722442948, 228.42000985187076]","[224.13554175451543, 119.31602391737812]","[-233.7033291927986, -154.4985761745737]","[-37.2697687029939, 191.5381085070395]","[156.59706452993044, 24.053484761081137]","[17.141267443923127, -62.44402223302643]","[63.66145864941785, -118.26815922009348]","[-72.64544826848464, 162.61315523245833]","[106.72917587070646, 28.005006163673087]","[-244.7872597299139, 56.19959989607645]","[12.597809876242394, 202.35883732147636]","[-119.22453265586591, -71.25912958561577]","[-4.764556049003035, -92.60045475059792]","[-13.034530883412415, 236.6608553726089]","[110.21074552861177, -161.68451449719987]","[17.260696824895987, 20.40098438235709]","[107.24180547054272, 88.67831996917099]","[-149.0086781887188, -12.268052270175493]"
"[2.177665569810363, 246.67847389874848]","[-27.82467615293475, 209.21574630060823]","[203.5552598744858, 85.98681807357335]","[-231.962415260692, -114.41190285166188]","[38.999932712973425, -225.652377724134]","[-10.450676084245908, -131.02416424197048]","[148.90594527260305, -124.59508351506874]","[52.767361542618374, 25.68746194685687]","[110.03725105231347, 103.58222303161176]","[-101.07648671280698, 17.579405434480346]","[-205.25405828225362, 96.57993914086013]","[-249.9211408837824, 93.00687669196026]","[-190.00868560160973, 224.48117342278124]","[-164.9752467855103, 96.37532938036014]","[111.89421403806773, -249.40696832615387]","[-127.36717279936954, 20.64868594471463]","[55.54889646042378, 10.173888772735772]","[62.90323835373485, 107.4510496979646]","[-220.6970779076645, 114.34097824982138]","[179.8049827944874, 234.05506762869936]","[-13.150877588567447, 180.1068584366975]","[-139.7860519392782, 190.54132127307992]","[-212.2133528013071, 178.8145701208905]","[-234.82354963361092, 216.22898107010064]","[-114.33312386529826, 38.08560590394211]","[213.98301620647328, 49.543045591765576]","[76.14508414924649, 57.08242839506485]","[-235.15181979902167, 121.92924322087245]","[-54.86155749017459, 117.51746836864874]","[19.770444193353285, -135.22573524394477]","[-190.7864723507903, -14.158697346363056]","[154.67570190362846, -236.01817610832802]","[85.96036694305315, 248.0]","[131.94693772016865, 74.24759066963298]","[119.79213897758638, 236.10735705208742]","[217.10865160216724, 243.5709208918056]","[220.0563258667088, -73.3412054312492]","[219.3093324283783, 73.497682933146]","[-151.51080625733493, -178.9044934325358]","[85.35549916770526, -175.43935632144246]","[-208.28150430917913, -183.93614400692456]","[64.24155279411463, 92.08825655375409]","[26.060546028709027, -179.32206829537074]","[-183.05492187899188, 3.0999033898229538]","[68.25803620881021, -134.6338651337387]","[-33.49040052672461, 122.5589854120114]","[-60.12763251527281, 37.14318988952519]","[-114.89164524233217, -164.92560945525997]","[-161.642300246814, -103.6240023651128]","[-137.31890994617277, 199.89789554875983]","[219.15510282425817, 221.15668447373787]","[50.10656849367615, -195.6956395255703]","[-145.76506871292634, 207.81162882683623]","[203.70658913538148, 202.65346520037508]","[223.74227443879522, -38.383749265019844]","[-107.69367940301538, -61.12030357606744]","[96.78860704157415, -166.50980555994352]","[-234.0556009199604, -82.37441638306439]","[220.24273830690765, -55.7001861317253]","[-77.51162186909409, 241.3251178143678]","[229.75535504591176, 236.87445263451082]","[-43.50734403129988, -19.493909815268733]","[-221.89352525388472, -199.12909932902244]","[78.21644899758701, 128.60213071480916]","[-27.71664464266729, 13.86791172993992]","[-130.376305059278, 2.3795977192501585]","[-55.66236273780319, 90.82921461497455]","[-195.42801355875793, -239.25617155478437]","[42.828171274986666, -80.36544436800486]","[-158.88620112387378, 170.09842682702413]","[-169.69867360016713, 29.67110332943328]","[-211.1897229601574, 102.8614142062775]","[5.981949854968239, 92.22904006015017]","[249.83505188273284, 58.5914636876434]","[31.75183919272698, -56.14429059893203]","[-178.3066424184335, 56.85842452498969]","[-134.32982078967325, -21.09553157080667]","[13.548639691046642, 208.840135237117]","[-166.1270742478548, 224.2360208403959]","[-222.99745260727502, -58.45092507657796]","[172.85362419952048, -94.09439263945154]","[-199.91720536531432, 232.66466461194182]","[-147.49189525198312, 35.053870270404246]","[-3.590638827127001, 104.67961675019122]","[42.41960519311721, 203.92333268627738]","[-168.711590267006, -25.930860210394115]","[45.58307630077712, -29.727216804569963]","[-211.98736722442948, 228.42000985187076]","[224.13554175451543, 119.31602391737812]","[-233.7033291927986, -154.4985761745737]","[-37.2697687029939, 191.5381085070395]","[156.59706452993044, 24.053484761081137]","[17.141267443923127, -62.44402223302643]","[63.66145864941785, -118.26815922009348]","[-72.64544826848464, 162.61315523245833]","[106.72917587070646, 28.005006163673087]","[-244.7872597299139, 56.19959989607645]","[12.597809876242394, 202.35883732147636]","[-119.22453265586591, -71.25912958561577]","[-4.764556049003035, -92.60045475059792]","[-22.845506925265166, 226.72051592685807]","[65.04616548864422, -203.28636683432532]","[46.123806772344416, 26.49683272781541]","[136.10846893126364, 143.0667688333962]","[-188.16183306852722, -59.901926164385294]"
"[2.177665569810363, 246.67847389874848]","[-27.82467615293475, 209.21574630060823]","[203.5552598744858, 85.98681807357335]","[-231.962415260692, -114.41190285166188]","[32.45510080980874, -230.8061128494245]","[-10.450676084245908, -131.02416424197048]","[148.90594527260305, -124.59508351506874]","[52.767361542618374, 25.68746194685687]","[110.03725105231347, 103.58222303161176]","[-101.07648671280698, 17.579405434480346]","[-206.14985968319354, 96.38183074374112]","[-251.15142610472802, 92.00859586495032]","[-189.01085700201216, 223.85146677847655]","[-166.46905848188788, 94.46916172545018]","[113.60016285041442, -250.29531308272752]","[-125.70896599921193, 20.310857430893286]","[55.93612057552972, 8.717360965919715]","[64.37904794216855, 108.31381212245576]","[-222.62134738458062, 112.67622281227672]","[179.25622849310923, 232.3188345358742]","[-14.688596985709308, 180.63357304587188]","[-141.48256492409774, 191.6766515913499]","[-212.2666910016339, 178.26821265111312]","[-233.52943704201365, 217.2862263376258]","[-114.16640483162283, 37.10700737992764]","[215.9787702580916, 48.17880698970697]","[90.12520199059462, 67.74708659110489]","[-235.85038013188915, 120.98958493673203]","[-53.57694686271824, 116.14683546081092]","[18.213055241691606, -137.03216905493096]","[-190.48309043848786, -14.19837168295382]","[155.59462737953558, -237.52272013541003]","[85.20045867881643, 246.3494975396196]","[131.6836721502108, 73.80948833704123]","[118.49017372198297, 236.38419631510928]","[217.38581450270905, 244.213651114757]","[218.320407333386, -73.67650678906149]","[219.88666553547287, 71.6221036664325]","[-151.13850782166867, -177.63061679066973]","[83.69437395963158, -174.54919540180308]","[-206.8518803864739, -182.1701800086557]","[62.55194099264328, 93.86032069219262]","[24.325682535886283, -179.15258536921343]","[-181.56865234873985, 3.124879237278692]","[66.82254526101276, -133.0423314171734]","[-32.86300065840577, 121.44873176501424]","[-61.65954064409101, 38.928987361906486]","[-113.36455655291522, -163.90701181907497]","[-159.80287530851749, -103.780002956391]","[-137.64863743271596, 199.6223694359498]","[220.6938785303227, 220.69585559217234]","[48.38321061709519, -197.61954940696288]","[-144.20633589115792, 206.01453603354528]","[203.38323641922685, 203.31683150046885]","[223.74227443879522, -38.383749265019844]","[-107.69367940301538, -61.12030357606744]","[96.78860704157415, -166.50980555994352]","[-234.0556009199604, -82.37441638306439]","[220.24273830690765, -55.7001861317253]","[-77.51162186909409, 241.3251178143678]","[229.75535504591176, 236.87445263451082]","[-43.50734403129988, -19.493909815268733]","[-221.89352525388472, -199.12909932902244]","[78.21644899758701, 128.60213071480916]","[-27.71664464266729, 13.86791172993992]","[-130.376305059278, 2.3795977192501585]","[-55.66236273780319, 90.82921461497455]","[-195.42801355875793, -239.25617155478437]","[42.828171274986666, -80.36544436800486]","[-158.88620112387378, 170.09842682702413]","[-169.69867360016713, 29.67110332943328]","[-211.1897229601574, 102.8614142062775]","[5.981949854968239, 92.22904006015017]","[249.83505188273284, 58.5914636876434]","[31.75183919272698, -56.14429059893203]","[-178.3066424184335, 56.85842452498969]","[-134.32982078967325, -21.09553157080667]","[13.548639691046642, 208.840135237117]","[-166.1270742478548, 224.2360208403959]","[-222.99745260727502, -58.45092507657796]","[172.85362419952048, -94.09439263945154]","[-199.91720536531432, 232.66466461194182]","[-147.49189525198312, 35.053870270404246]","[-3.590638827127001, 104.67961675019122]","[42.41960519311721, 203.92333268627738]","[-168.711590267006, -25.930860210394115]","[45.58307630077712, -29.727216804569963]","[-211.98736722442948, 228.42000985187076]","[224.13554175451543, 119.31602391737812]","[-233.7033291927986, -154.4985761745737]","[-37.2697687029939, 191.5381085070395]","[156.59706452993044, 24.053484761081137]","[17.141267443923127, -62.44402223302643]","[63.66145864941785, -118.26815922009348]","[-72.64544826848464, 162.61315523245833]","[106.72917587070646, 28.005006163673087]","[-244.7872597299139, 56.19959989607645]","[12.597809876242394, 202.35883732147636]","[-119.22453265586591, -71.25912958561577]","[-4.764556049003035, -92.60045475059792]","[-54.02126341519827, 215.69752889185017]","[34.151691660711066, -232.0424773800414]","[86.79663404142754, 74.4427639778556]","[165.10116730680397, 197.9416184597899]","[-221.94301762262725, -100.88049964344322]"
"[2.177665569810363, 246.67847389874848]","[-27.82467615293475, 209.21574630060823]","[203.5552598744858, 85.98681807357335]","[-231.962415260692, -114.41190285166188]","[21.419073127040505, -240.83666742653236]","[-10.450676084245908, -131.02416424197048]","[148.90594527260305, -124.59508351506874]","[52.767361542618374, 25.68746194685687]","[110.03725105231347, 103.58222303161176]","[-101.07648671280698, 17.579405434480346]","[-206.14985968319354, 96.38183074374112]","[-251.15142610472802, 92.00859586495032]","[-189.01085700201216, 223.85146677847655]","[-166.46905848188788, 94.46916172545018]","[113.60016285041442, -250.29531308272752]","[-125.70896599921193, 20.310857430893286]","[55.93612057552972, 8.717360965919715]","[64.37904794216855, 108.31381212245576]","[-222.62134738458062, 112.67622281227672]","[179.25622849310923, 232.3188345358742]","[-14.688596985709308, 180.63357304587188]","[-141.48256492409774, 191.6766515913499]","[-212.2666910016339, 178.26821265111312]","[-233.52943704201365, 217.2862263376258]","[-114.16640483162283, 37.10700737992764]","[215.9787702580916, 48.17880698970697]","[111.51524672538359, 81.7146972501432]","[-235.85038013188915, 120.98958493673203]","[-53.57694686271824, 116.14683546081092]","[18.213055241691606, -137.03216905493096]","[-190.48309043848786, -14.19837168295382]","[155.59462737953558, -237.52272013541003]","[85.20045867881643, 246.3494975396196]","[131.6836721502108, 73.80948833704123]","[118.49017372198297, 236.38419631510928]","[217.38581450270905, 244.213651114757]","[218.320407333386, -73.67650678906149]","[219.88666553547287, 71.6221036664325]","[-151.13850782166867, -177.63061679066973]","[83.69437395963158, -174.54919540180308]","[-206.8518803864739, -182.1701800086557]","[62.55194099264328, 93.86032069219262]","[24.325682535886283, -179.15258536921343]","[-181.56865234873985, 3.124879237278692]","[66.82254526101276, -133.0423314171734]","[-32.86300065840577, 121.44873176501424]","[-61.65954064409101, 38.928987361906486]","[-113.36455655291522, -163.90701181907497]","[-159.80287530851749, -103.780002956391]","[-137.64863743271596, 199.6223694359498]","[220.6938785303227, 220.69585559217234]","[48.38321061709519, -197.61954940696288]","[-144.20633589115792, 206.01453603354528]","[203.38323641922685, 203.31683150046885]","[221.92784304849403, -36.729686581274805]","[-106.11709925376923, -59.4003794700843]","[96.73575880196769, -168.1372569499294]","[-234.8195011499505, -80.71802047883048]","[222.05342288363457, -55.62523266465663]","[-77.8895273363676, 240.15639726795973]","[228.1941938073897, 235.34306579313852]","[-41.63418003912485, -21.367387269085917]","[-222.3669065673559, -197.41137416127805]","[79.77056124698376, 128.25266339351145]","[-28.145805803334113, 14.3348896624249]","[-132.2203813240975, 3.974497149062698]","[-54.82795342225399, 89.03651826871818]","[-194.0350169484474, -237.32021444348047]","[43.1987312671814, -79.37400421986992]","[-160.10775140484222, 169.37303353378016]","[-171.6233420002089, 29.3388791617916]","[-212.33479735456493, 104.0707336601187]","[7.477437318710298, 94.03630007518771]","[251.79381485341605, 57.23932960955425]","[30.439798990908727, -56.43036324866504]","[-179.6333030230419, 57.07303065623711]","[-133.41227598709156, -19.86941446350834]","[11.685799613808301, 208.05016904639626]","[-167.6588428098185, 222.54502605049487]","[-221.24681575909378, -59.31365634572245]","[174.3170302494006, -94.36799079931443]","[-198.3965067066429, 234.58083076492727]","[-145.8648690649789, 33.31733783800531]","[-3.762495483519544, 102.84119596646129]","[40.77450649139651, 202.15416585784672]","[-170.348622807779, -26.26658008641489]","[44.9788453759714, -31.159021005712454]","[-210.73420903053685, 229.27501231483845]","[223.9194271931443, 119.14502989672265]","[-232.12916149099826, -152.62322021821714]","[-36.837210878742376, 191.4226356337994]","[155.74633066241304, 23.06685595135142]","[16.42658430490391, -61.55502779128304]","[65.32682331177232, -119.58519902511685]","[-72.8068103356058, 161.7664440405729]","[104.91146983838307, 29.50625770459136]","[-244.48407466239237, 56.99949987009556]","[13.247262345302993, 203.19854665184545]","[-119.22453265586591, -71.25912958561577]","[-4.764556049003035, -92.60045475059792]","[-114.48071915325397, 217.27008561551082]","[87.10841493232422, -245.63663867683815]","[92.00776919669524, 97.56252007446331]","[176.57143038531038, 189.4712086131661]","[-183.29506914536373, -106.34334155662573]"
"[0.21319868377243534, 246.61416867849817]","[-27.82467615293475, 209.21574630060823]","[203.5552598744858, 85.98681807357335]","[-231.962415260692, -114.41190285166188]","[8.181710135205671, -252.78747083940374]","[-10.450676084245908, -131.02416424197048]","[148.90594527260305, -124.59508351506874]","[52.767361542618374, 25.68746194685687]","[110.03725105231347, 103.58222303161176]","[-101.07648671280698, 17.579405434480346]","[-206.14985968319354, 96.38183074374112]","[-251.15142610472802, 92.00859586495032]","[-189.01085700201216, 223.85146677847655]","[-166.46905848188788, 94.46916172545018]","[115.5190202621632, -235.18955770002793]","[-125.70896599921193, 20.310857430893286]","[55.93612057552972, 8.717360965919715]","[64.37904794216855, 108.31381212245576]","[-222.62134738458062, 112.67622281227672]","[179.25622849310923, 232.3188345358742]","[-14.688596985709308, 180.63357304587188]","[-141.48256492409774, 191.6766515913499]","[-212.2666910016339, 178.26821265111312]","[-233.52943704201365, 217.2862263376258]","[-114.16640483162283, 37.10700737992764]","[215.9787702580916, 48.17880698970697]","[135.71298915207288, 97.45035989133827]","[-235.85038013188915, 120.98958493673203]","[-53.57694686271824, 116.14683546081092]","[18.213055241691606, -137.03216905493096]","[-190.48309043848786, -14.19837168295382]","[155.59462737953558, -237.52272013541003]","[85.20045867881643, 246.3494975396196]","[131.6836721502108, 73.80948833704123]","[118.49017372198297, 236.38419631510928]","[217.38581450270905, 244.213651114757]","[218.320407333386, -73.67650678906149]","[219.88666553547287, 71.6221036664325]","[-151.13850782166867, -177.63061679066973]","[83.69437395963158, -174.54919540180308]","[-206.8518803864739, -182.1701800086557]","[62.55194099264328, 93.86032069219262]","[24.325682535886283, -179.15258536921343]","[-181.56865234873985, 3.124879237278692]","[66.82254526101276, -133.0423314171734]","[-32.86300065840577, 121.44873176501424]","[-61.65954064409101, 38.928987361906486]","[-113.36455655291522, -163.90701181907497]","[-159.80287530851749, -103.780002956391]","[-137.64863743271596, 199.6223694359498]","[220.6938785303227, 220.69585559217234]","[48.38321061709519, -197.61954940696288]","[-144.20633589115792, 206.01453603354528]","[203.38323641922685, 203.31683150046885]","[221.92784304849403, -36.729686581274805]","[-106.11709925376923, -59.4003794700843]","[96.73575880196769, -168.1372569499294]","[-234.8195011499505, -80.71802047883048]","[222.05342288363457, -55.62523266465663]","[-77.8895273363676, 240.15639726795973]","[228.1941938073897, 235.34306579313852]","[-41.63418003912485, -21.367387269085917]","[-222.3669065673559, -197.41137416127805]","[79.77056124698376, 128.25266339351145]","[-28.145805803334113, 14.3348896624249]","[-132.2203813240975, 3.974497149062698]","[-54.82795342225399, 89.03651826871818]","[-194.0350169484474, -237.32021444348047]","[43.1987312671814, -79.37400421986992]","[-160.10775140484222, 169.37303353378016]","[-171.6233420002089, 29.3388791617916]","[-212.33479735456493, 104.0707336601187]","[7.477437318710298, 94.03630007518771]","[251.79381485341605, 57.23932960955425]","[30.439798990908727, -56.43036324866504]","[-179.6333030230419, 57.07303065623711]","[-133.41227598709156, -19.86941446350834]","[11.685799613808301, 208.05016904639626]","[-167.6588428098185, 222.54502605049487]","[-221.24681575909378, -59.31365634572245]","[174.3170302494006, -94.36799079931443]","[-198.3965067066429, 234.58083076492727]","[-145.8648690649789, 33.31733783800531]","[-3.762495483519544, 102.84119596646129]","[40.77450649139651, 202.15416585784672]","[-170.348622807779, -26.26658008641489]","[44.9788453759714, -31.159021005712454]","[-210.73420903053685, 229.27501231483845]","[223.9194271931443, 119.14502989672265]","[-232.12916149099826, -152.62322021821714]","[-36.837210878742376, 191.4226356337994]","[155.74633066241304, 23.06685595135142]","[16.42658430490391, -61.55502779128304]","[65.32682331177232, -119.58519902511685]","[-72.8068103356058, 161.7664440405729]","[104.91146983838307, 29.50625770459136]","[-244.48407466239237, 56.99949987009556]","[13.247262345302993, 203.19854665184545]","[-119.7806658198324, -70.32391198201971]","[-5.4556950612537936, -92.2505684382474]","[-173.34571669189734, 218.805113640444]","[119.75154872277163, -237.49594202104092]","[89.10097187138116, 103.94673656216598]","[195.70967161080765, 120.7417504050387]","[-112.1102985255026, -110.37936583481665]"
"[0.21319868377243534, 246.61416867849817]","[-27.1231112968824, 209.41570503391333]","[206.22435614906306, 76.42216170126136]","[-231.35489831283041, -113.49428342199425]","[5.816778033994022, -252.10896011599021]","[-10.74081130109509, -129.62899709036458]","[148.68713432712366, -124.11410021808248]","[51.92083385114205, 24.824954336228245]","[109.04470126277616, 102.09866763793411]","[-102.09178405536838, 17.095286521376416]","[-207.04566108413346, 96.1837223466221]","[-249.9211408837824, 91.01031503794039]","[-188.0130284024146, 223.22176013417186]","[-167.96287017826546, 92.56299407054021]","[117.34292685979392, -228.08170114377447]","[-124.05075919905431, 19.973028917071943]","[56.323344690635665, 7.260833159103658]","[65.85485753060226, 109.17657454694691]","[-224.54561686149674, 111.01146737473206]","[178.70747419173108, 230.58260144304904]","[-16.22631638285117, 181.16028765504626]","[-143.1790779089173, 192.81198190961987]","[-212.32002920196066, 177.72185518133574]","[-232.23532445041639, 218.34347160515097]","[-113.9996857979474, 36.128408855913165]","[217.97452430970992, 46.814568387648364]","[147.38975217750794, 107.33190545824856]","[-236.54894046475664, 120.04992665259161]","[-52.292336235261885, 114.7762025529731]","[16.655666290029927, -138.83860286591715]","[-190.17970852618544, -14.238046019544583]","[156.5135528554427, -239.02726416249203]","[84.44055041457972, 244.69899507923918]","[131.42040658025297, 73.37138600444948]","[117.18820846637956, 236.66103557813113]","[217.66297740325086, 244.8563813377084]","[216.58448880006318, -74.01180814687379]","[220.46399864256745, 69.746524399719]","[-150.7662093860024, -176.35674014880368]","[82.03324875155789, -173.6590344821637]","[-205.4222564637687, -180.40421601038685]","[60.86232919117194, 95.63238483063114]","[22.59081904306354, -178.9831024430561]","[-180.08238281848782, 3.1498550847344307]","[65.38705431321532, -131.45079770060806]","[-32.23560079008692, 120.3384781180171]","[-61.65954064409101, 38.928987361906486]","[-113.36455655291522, -163.90701181907497]","[-159.80287530851749, -103.780002956391]","[-137.64863743271596, 199.6223694359498]","[220.6938785303227, 220.69585559217234]","[48.38321061709519, -197.61954940696288]","[-144.20633589115792, 206.01453603354528]","[203.38323641922685, 203.31683150046885]","[221.92784304849403, -36.729686581274805]","[-106.11709925376923, -59.4003794700843]","[96.73575880196769, -168.1372569499294]","[-234.8195011499505, -80.71802047883048]","[222.05342288363457, -55.62523266465663]","[-77.8895273363676, 240.15639726795973]","[228.1941938073897, 235.34306579313852]","[-41.63418003912485, -21.367387269085917]","[-222.3669065673559, -197.41137416127805]","[79.77056124698376, 128.25266339351145]","[-28.145805803334113, 14.3348896624249]","[-132.2203813240975, 3.974497149062698]","[-54.82795342225399, 89.03651826871818]","[-194.0350169484474, -237.32021444348047]","[43.1987312671814, -79.37400421986992]","[-160.10775140484222, 169.37303353378016]","[-171.6233420002089, 29.3388791617916]","[-212.33479735456493, 104.0707336601187]","[7.477437318710298, 94.03630007518771]","[251.79381485341605, 57.23932960955425]","[30.439798990908727, -56.43036324866504]","[-179.6333030230419, 57.07303065623711]","[-133.41227598709156, -19.86941446350834]","[11.685799613808301, 208.05016904639626]","[-167.6588428098185, 222.54502605049487]","[-221.24681575909378, -59.31365634572245]","[174.3170302494006, -94.36799079931443]","[-198.3965067066429, 234.58083076492727]","[-145.8648690649789, 33.31733783800531]","[-3.762495483519544, 102.84119596646129]","[40.77450649139651, 202.15416585784672]","[-170.348622807779, -26.26658008641489]","[44.9788453759714, -31.159021005712454]","[-210.73420903053685, 229.27501231483845]","[223.9194271931443, 119.14502989672265]","[-232.12916149099826, -152.62322021821714]","[-36.837210878742376, 191.4226356337994]","[155.74633066241304, 23.06685595135142]","[16.42658430490391, -61.55502779128304]","[65.32682331177232, -119.58519902511685]","[-72.8068103356058, 161.7664440405729]","[104.91146983838307, 29.50625770459136]","[-244.48407466239237, 56.99949987009556]","[13.247262345302993, 203.19854665184545]","[-119.7806658198324, -70.32391198201971]","[-5.4556950612537936, -92.2505684382474]","[-199.71448479262574, 171.77453413028923]","[135.6756871778825, -169.39502309745234]","[87.12039354867669, 77.3019765099865]","[208.9566115939444, 74.63660692712365]","[-42.84242495459145, -114.32332647838818]"
"[0.21319868377243534, 246.61416867849817]","[-27.1231112968824, 209.41570503391333]","[176.0532642164521, 62.13645240501667]","[-231.35489831283041, -113.49428342199425]","[5.816778033994022, -252.10896011599021]","[-10.74081130109509, -129.62899709036458]","[148.68713432712366, -124.11410021808248]","[51.26082562101851, 23.043564299994333]","[109.04470126277616, 102.09866763793411]","[-102.09178405536838, 17.095286521376416]","[-207.04566108413346, 96.1837223466221]","[-249.9211408837824, 91.01031503794039]","[-188.0130284024146, 223.22176013417186]","[-167.96287017826546, 92.56299407054021]","[117.34292685979392, -228.08170114377447]","[-124.05075919905431, 19.973028917071943]","[56.323344690635665, 7.260833159103658]","[65.85485753060226, 109.17657454694691]","[-224.54561686149674, 111.01146737473206]","[178.70747419173108, 230.58260144304904]","[-16.22631638285117, 181.16028765504626]","[-143.1790779089173, 192.81198190961987]","[-212.32002920196066, 177.72185518133574]","[-232.23532445041639, 218.34347160515097]","[-113.9996857979474, 36.128408855913165]","[217.97452430970992, 46.814568387648364]","[147.38975217750794, 107.33190545824856]","[-236.54894046475664, 120.04992665259161]","[-52.292336235261885, 114.7762025529731]","[16.655666290029927, -138.83860286591715]","[-190.17970852618544, -14.238046019544583]","[156.5135528554427, -239.02726416249203]","[84.44055041457972, 244.69899507923918]","[131.42040658025297, 73.37138600444948]","[117.18820846637956, 236.66103557813113]","[217.66297740325086, 244.8563813377084]","[216.58448880006318, -74.01180814687379]","[220.46399864256745, 69.746524399719]","[-150.7662093860024, -176.35674014880368]","[82.03324875155789, -173.6590344821637]","[-205.4222564637687, -180.40421601038685]","[60.86232919117194, 95.63238483063114]","[22.59081904306354, -178.9831024430561]","[-180.08238281848782, 3.1498550847344307]","[65.38705431321532, -131.45079770060806]","[-32.23560079008692, 120.3384781180171]","[-63.19144877290921, 40.714784834287784]","[-111.83746786349826, -162.88841418288996]","[-157.96345037022098, -103.9360035476692]","[-137.97836491925915, 199.34684332313975]","[222.23265423638725, 220.2350267106068]","[46.659852740514225, -199.54345928835545]","[-142.6476030693895, 204.21744324025434]","[203.05988370307222, 203.98019780056262]","[220.11341165819283, -35.075623897529766]","[-104.54051910452307, -57.680455364101164]","[96.68291056236123, -169.76470833991527]","[-235.5834013799406, -79.06162457459658]","[223.86410746036148, -55.550279197587955]","[-78.26743280364113, 238.98767672155168]","[226.63303256886763, 233.81167895176623]","[-39.76101604694982, -23.2408647229031]","[-222.84028788082708, -195.69364899353366]","[81.32467349638051, 127.90319607221375]","[-28.574966964000936, 14.80186759490988]","[-134.064457588917, 5.569396578875238]","[-53.99354410670479, 87.24382192246182]","[-192.6420203381369, -235.38425733217656]","[43.569291259376136, -78.38256407173498]","[-161.32930168581066, 168.6476402405362]","[-173.5480104002507, 29.00665499414992]","[-213.47987174897244, 105.28005311395991]","[8.972924782452358, 95.84356009022525]","[249.83505188273284, 55.887195531465096]","[29.127758789090475, -56.716435898398046]","[-180.95996362765027, 57.28763678748453]","[-132.49473118450987, -18.643297356210006]","[9.822959536569961, 207.26020285567552]","[-169.1906113717822, 220.85403126059384]","[-219.49617891091253, -60.17638761486694]","[175.78043629928072, -94.64158895917731]","[-196.87580804797147, 236.49699691791272]","[-144.23784287797469, 31.58080540560637]","[-3.934352139912087, 101.00277518273136]","[39.12940778967581, 200.38499902941606]","[-171.98565534855203, -26.602299962435666]","[44.374614451165684, -32.590825206854944]","[-209.48105083664421, 230.13001477780614]","[223.9194271931443, 118.97403587606718]","[-232.12916149099826, -152.62322021821714]","[-36.837210878742376, 191.4226356337994]","[155.74633066241304, 23.06685595135142]","[16.42658430490391, -61.55502779128304]","[65.32682331177232, -119.58519902511685]","[-72.8068103356058, 161.7664440405729]","[104.91146983838307, 29.50625770459136]","[-244.48407466239237, 56.99949987009556]","[13.247262345302993, 203.19854665184545]","[-119.7806658198324, -70.32391198201971]","[-5.4556950612537936, -92.2505684382474]","[-230.21975692238408, 110.19393184653138]","[144.4278204139865, -135.11733883744463]","[51.461319184727614, 25.934341259791026]","[156.92020511446586, 48.054424203492914]","[-24.378208824219122, -106.63869313995326]"
"[0.21319868377243534, 246.61416867849817]","[-27.1231112968824, 209.41570503391333]","[147.24437788291092, 53.17348377045734]","[-231.35489831283041, -113.49428342199425]","[5.816778033994022, -252.10896011599021]","[-10.74081130109509, -129.62899709036458]","[148.68713432712366, -124.11410021808248]","[47.18610086950342, 15.78593329571134]","[109.04470126277616, 102.09866763793411]","[-102.09178405536838, 17.095286521376416]","[-207.04566108413346, 96.1837223466221]","[-249.9211408837824, 91.01031503794039]","[-188.0130284024146, 223.22176013417186]","[-167.96287017826546, 92.56299407054021]","[117.34292685979392, -228.08170114377447]","[-124.05075919905431, 19.973028917071943]","[56.323344690635665, 7.260833159103658]","[65.85485753060226, 109.17657454694691]","[-224.54561686149674, 111.01146737473206]","[178.70747419173108, 230.58260144304904]","[-16.22631638285117, 181.16028765504626]","[-143.1790779089173, 192.81198190961987]","[-212.32002920196066, 177.72185518133574]","[-232.23532445041639, 218.34347160515097]","[-113.9996857979474, 36.128408855913165]","[217.97452430970992, 46.814568387648364]","[147.38975217750794, 107.33190545824856]","[-236.54894046475664, 120.04992665259161]","[-52.292336235261885, 114.7762025529731]","[16.655666290029927, -138.83860286591715]","[-190.17970852618544, -14.238046019544583]","[156.5135528554427, -239.02726416249203]","[84.44055041457972, 244.69899507923918]","[131.42040658025297, 73.37138600444948]","[117.18820846637956, 236.66103557813113]","[217.66297740325086, 244.8563813377084]","[216.58448880006318, -74.01180814687379]","[220.46399864256745, 69.746524399719]","[-150.7662093860024, -176.35674014880368]","[82.03324875155789, -173.6590344821637]","[-205.4222564637687, -180.40421601038685]","[60.86232919117194, 95.63238483063114]","[22.59081904306354, -178.9831024430561]","[-180.08238281848782, 3.1498550847344307]","[65.38705431321532, -131.45079770060806]","[-32.23560079008692, 120.3384781180171]","[-63.19144877290921, 40.714784834287784]","[-111.83746786349826, -162.88841418288996]","[-157.96345037022098, -103.9360035476692]","[-137.97836491925915, 199.34684332313975]","[222.23265423638725, 220.2350267106068]","[46.659852740514225, -199.54345928835545]","[-142.6476030693895, 204.21744324025434]","[203.05988370307222, 203.98019780056262]","[220.11341165819283, -35.075623897529766]","[-104.54051910452307, -57.680455364101164]","[96.68291056236123, -169.76470833991527]","[-235.5834013799406, -79.06162457459658]","[223.86410746036148, -55.550279197587955]","[-78.26743280364113, 238.98767672155168]","[226.63303256886763, 233.81167895176623]","[-39.76101604694982, -23.2408647229031]","[-222.84028788082708, -195.69364899353366]","[81.32467349638051, 127.90319607221375]","[-28.574966964000936, 14.80186759490988]","[-134.064457588917, 5.569396578875238]","[-53.99354410670479, 87.24382192246182]","[-192.6420203381369, -235.38425733217656]","[43.569291259376136, -78.38256407173498]","[-161.32930168581066, 168.6476402405362]","[-173.5480104002507, 29.00665499414992]","[-213.47987174897244, 105.28005311395991]","[8.972924782452358, 95.84356009022525]","[249.83505188273284, 55.887195531465096]","[29.127758789090475, -56.716435898398046]","[-180.95996362765027, 57.28763678748453]","[-132.49473118450987, -18.643297356210006]","[9.822959536569961, 207.26020285567552]","[-169.1906113717822, 220.85403126059384]","[-219.49617891091253, -60.17638761486694]","[175.78043629928072, -94.64158895917731]","[-196.87580804797147, 236.49699691791272]","[-144.23784287797469, 31.58080540560637]","[-3.934352139912087, 101.00277518273136]","[39.12940778967581, 200.38499902941606]","[-171.98565534855203, -26.602299962435666]","[44.374614451165684, -32.590825206854944]","[-209.48105083664421, 230.13001477780614]","[223.70331263177314, 118.97403587606718]","[-230.5549937891979, -150.74786426186057]","[-36.40465305449085, 191.30716276055927]","[154.89559679489565, 22.080227141621705]","[15.711901165884688, -60.666033349539646]","[66.99218797412678, -120.90223883014022]","[-72.96817240272696, 160.9197328486875]","[103.09376380605968, 31.00750924550963]","[-244.18088959487085, 57.799399844114674]","[13.896714814363591, 204.03825598221454]","[-120.33679898379887, -69.38869437842365]","[-6.146834073504552, -91.90068212589688]","[-210.0784093316868, 100.82260427465341]","[134.41406605212555, -195.59118974927594]","[0.5468901748417387, 34.17036226675156]","[102.75532820281867, 18.637750247570324]","[-60.025861731586, -56.51671643654788]"
"[-1.7512682022654924, 246.54986345824787]","[-26.42154644083005, 209.61566376721842]","[137.27048359140724, 48.65318094755748]","[-230.74738136496882, -112.57666399232663]","[4.416764576588706, -253.639435660817]","[-11.03094651794427, -128.23382993875867]","[148.46832338164427, -123.63311692109623]","[44.6872045980069, 11.999085060583258]","[108.05215147323885, 100.61511224425647]","[-103.10708139792978, 16.611167608272485]","[-207.94146248507337, 95.98561394950309]","[-248.6908556628368, 90.01203421093045]","[-187.01519980281702, 222.59205348986717]","[-169.45668187464304, 90.65682641563025]","[119.04887567214061, -228.9700459003481]","[-122.3925523988967, 19.6352004032506]","[56.71056880574161, 5.804305352287601]","[67.33066711903597, 110.03933697143806]","[-226.46988633841286, 109.34671193718741]","[178.15871989035293, 228.84636835022388]","[-17.76403577999303, 181.68700226422064]","[-144.87559089373684, 193.94731222788985]","[-212.37336740228744, 177.17549771155836]","[-230.94121185881912, 219.40071687267613]","[-113.83296676427196, 35.14981033189869]","[219.97027836132824, 45.45032978558976]","[146.67602321481957, 109.10251255701476]","[-237.24750079762413, 119.11026836845119]","[-51.00772560780553, 113.40556964513529]","[15.09827733836825, -140.64503667690335]","[-189.876326613883, -14.277720356135347]","[157.4324783313498, -240.53180818957404]","[83.680642150343, 243.04849261885877]","[131.15714101029513, 72.93328367185772]","[115.88624321077616, 236.937874841153]","[217.66297740325086, 244.8563813377084]","[216.58448880006318, -74.01180814687379]","[220.46399864256745, 69.746524399719]","[-150.7662093860024, -176.35674014880368]","[82.03324875155789, -173.6590344821637]","[-205.4222564637687, -180.40421601038685]","[60.86232919117194, 95.63238483063114]","[22.59081904306354, -178.9831024430561]","[-180.08238281848782, 3.1498550847344307]","[65.38705431321532, -131.45079770060806]","[-32.23560079008692, 120.3384781180171]","[-63.19144877290921, 40.714784834287784]","[-111.83746786349826, -162.88841418288996]","[-157.96345037022098, -103.9360035476692]","[-137.97836491925915, 199.34684332313975]","[222.23265423638725, 220.2350267106068]","[46.659852740514225, -199.54345928835545]","[-142.6476030693895, 204.21744324025434]","[203.05988370307222, 203.98019780056262]","[220.11341165819283, -35.075623897529766]","[-104.54051910452307, -57.680455364101164]","[96.68291056236123, -169.76470833991527]","[-235.5834013799406, -79.06162457459658]","[223.86410746036148, -55.550279197587955]","[-78.26743280364113, 238.98767672155168]","[226.63303256886763, 233.81167895176623]","[-39.76101604694982, -23.2408647229031]","[-222.84028788082708, -195.69364899353366]","[81.32467349638051, 127.90319607221375]","[-28.574966964000936, 14.80186759490988]","[-134.064457588917, 5.569396578875238]","[-53.99354410670479, 87.24382192246182]","[-192.6420203381369, -235.38425733217656]","[43.569291259376136, -78.38256407173498]","[-161.32930168581066, 168.6476402405362]","[-173.5480104002507, 29.00665499414992]","[-213.47987174897244, 105.28005311395991]","[8.972924782452358, 95.84356009022525]","[249.83505188273284, 55.887195531465096]","[29.127758789090475, -56.716435898398046]","[-180.95996362765027, 57.28763678748453]","[-132.49473118450987, -18.643297356210006]","[9.822959536569961, 207.26020285567552]","[-169.1906113717822, 220.85403126059384]","[-219.49617891091253, -60.17638761486694]","[175.78043629928072, -94.64158895917731]","[-196.87580804797147, 236.49699691791272]","[-144.23784287797469, 31.58080540560637]","[-3.934352139912087, 101.00277518273136]","[39.12940778967581, 200.38499902941606]","[-171.98565534855203, -26.602299962435666]","[44.374614451165684, -32.590825206854944]","[-209.48105083664421, 230.13001477780614]","[223.70331263177314, 118.97403587606718]","[-230.5549937891979, -150.74786426186057]","[-36.40465305449085, 191.30716276055927]","[154.89559679489565, 22.080227141621705]","[15.711901165884688, -60.666033349539646]","[66.99218797412678, -120.90223883014022]","[-72.96817240272696, 160.9197328486875]","[103.09376380605968, 31.00750924550963]","[-244.18088959487085, 57.799399844114674]","[13.896714814363591, 204.03825598221454]","[-120.33679898379887, -69.38869437842365]","[-6.146834073504552, -91.90068212589688]","[-220.41169316375326, 112.79607349207383]","[125.69866366512353, -248.02981202038654]","[-63.770900629063114, 46.18952850744555]","[63.838583765893944, -2.5785943730154584]","[-98.0786854837434, -3.0901729027458487]"
"[-1.7512682022654924, 246.54986345824787]","[-26.42154644083005, 209.61566376721842]","[137.27048359140724, 48.65318094755748]","[-230.74738136496882, -112.57666399232663]","[4.416764576588706, -253.639435660817]","[-11.03094651794427, -128.23382993875867]","[148.46832338164427, -123.63311692109623]","[44.6872045980069, 11.999085060583258]","[108.05215147323885, 100.61511224425647]","[-103.10708139792978, 16.611167608272485]","[-207.94146248507337, 95.98561394950309]","[-248.6908556628368, 90.01203421093045]","[-187.01519980281702, 222.59205348986717]","[-169.45668187464304, 90.65682641563025]","[119.04887567214061, -228.9700459003481]","[-122.3925523988967, 19.6352004032506]","[56.71056880574161, 5.804305352287601]","[67.33066711903597, 110.03933697143806]","[-226.46988633841286, 109.34671193718741]","[178.15871989035293, 228.84636835022388]","[-17.76403577999303, 181.68700226422064]","[-144.87559089373684, 193.94731222788985]","[-212.37336740228744, 177.17549771155836]","[-230.94121185881912, 219.40071687267613]","[-113.83296676427196, 35.14981033189869]","[219.97027836132824, 45.45032978558976]","[146.67602321481957, 109.10251255701476]","[-237.24750079762413, 119.11026836845119]","[-51.00772560780553, 113.40556964513529]","[15.09827733836825, -140.64503667690335]","[-189.876326613883, -14.277720356135347]","[157.4324783313498, -240.53180818957404]","[83.680642150343, 243.04849261885877]","[131.15714101029513, 72.93328367185772]","[115.88624321077616, 236.937874841153]","[217.94014030379267, 245.4991115606598]","[214.84857026674038, -74.34710950468609]","[221.04133174966202, 67.87094513300549]","[-150.39391095033614, -175.08286350693763]","[80.37212354348421, -172.7688735625243]","[-203.99263254106347, -178.638252012118]","[59.172717389700594, 97.40444896906966]","[20.855955550240797, -178.8136195168988]","[-178.59611328823578, 3.174830932190169]","[63.951563365417876, -129.85926398404274]","[-31.608200921768073, 119.22822447101994]","[-64.72335690172741, 42.50058230666908]","[-110.3103791740813, -161.86981654670495]","[-156.12402543192448, -104.0920041389474]","[-138.30809240580234, 199.0713172103297]","[223.7714299424518, 219.77419782904127]","[44.93649486393326, -201.46736916974803]","[-141.0888702476211, 202.4203504469634]","[202.7365309869176, 204.6435641006564]","[218.29898026789164, -33.42156121378473]","[-102.96393895527692, -55.960531258118024]","[96.63006232275477, -171.39215972990115]","[-236.3473016099307, -77.40522867036267]","[225.6747920370884, -55.47532573051928]","[-78.64533827091465, 237.81895617514363]","[225.07187133034557, 232.28029211039393]","[-37.88785205477479, -25.114342176720285]","[-223.31366919429826, -193.97592382578927]","[82.87878574577726, 127.55372875091604]","[-29.00412812466776, 15.26884552739486]","[-135.90853385373651, 7.164296008687778]","[-53.15913479115559, 85.45112557620546]","[-191.24902372782637, -233.44830022087265]","[43.93985125157087, -77.39112392360003]","[-162.5508519667791, 167.92224694729222]","[-175.47267880029247, 28.67443082650824]","[-214.62494614337996, 106.48937256780111]","[10.468412246194418, 97.6508201052628]","[247.87628891204963, 54.535061453375945]","[27.815718587272222, -57.002508548131054]","[-182.28662423225865, 57.50224291873195]","[-131.5771863819282, -17.417180248911674]","[7.9601194593316205, 206.47023666495477]","[-170.7223799337459, 219.16303647069282]","[-217.7455420627313, -61.03911888401143]","[177.24384234916084, -94.9151871190402]","[-196.87580804797147, 236.49699691791272]","[-144.23784287797469, 31.58080540560637]","[-3.934352139912087, 101.00277518273136]","[39.12940778967581, 200.38499902941606]","[-171.98565534855203, -26.602299962435666]","[44.374614451165684, -32.590825206854944]","[-209.48105083664421, 230.13001477780614]","[223.70331263177314, 118.97403587606718]","[-230.5549937891979, -150.74786426186057]","[-36.40465305449085, 191.30716276055927]","[154.89559679489565, 22.080227141621705]","[15.711901165884688, -60.666033349539646]","[66.99218797412678, -120.90223883014022]","[-72.96817240272696, 160.9197328486875]","[103.09376380605968, 31.00750924550963]","[-244.18088959487085, 57.799399844114674]","[13.896714814363591, 204.03825598221454]","[-120.33679898379887, -69.38869437842365]","[-6.146834073504552, -91.90068212589688]","[-196.01276337227884, 178.55299239923937]","[75.74852802065757, -244.5940049705296]","[-133.3174604897796, 59.23026855871709]","[93.05217612709646, 55.3886334733723]","[-116.02863996426935, 15.874081585305825]"
"[-1.7512682022654924, 246.54986345824787]","[-26.42154644083005, 209.61566376721842]","[137.27048359140724, 48.65318094755748]","[-230.74738136496882, -112.57666399232663]","[4.416764576588706, -253.639435660817]","[-11.03094651794427, -128.23382993875867]","[148.46832338164427, -123.63311692109623]","[44.6872045980069, 11.999085060583258]","[108.05215147323885, 100.61511224425647]","[-103.10708139792978, 16.611167608272485]","[-207.94146248507337, 95.98561394950309]","[-248.6908556628368, 90.01203421093045]","[-187.01519980281702, 222.59205348986717]","[-169.45668187464304, 90.65682641563025]","[119.04887567214061, -228.9700459003481]","[-122.3925523988967, 19.6352004032506]","[56.71056880574161, 5.804305352287601]","[67.33066711903597, 110.03933697143806]","[-226.46988633841286, 109.34671193718741]","[178.15871989035293, 228.84636835022388]","[-17.76403577999303, 181.68700226422064]","[-144.87559089373684, 193.94731222788985]","[-212.37336740228744, 177.17549771155836]","[-230.94121185881912, 219.40071687267613]","[-113.83296676427196, 35.14981033189869]","[219.97027836132824, 45.45032978558976]","[146.67602321481957, 109.10251255701476]","[-237.24750079762413, 119.11026836845119]","[-51.00772560780553, 113.40556964513529]","[15.09827733836825, -140.64503667690335]","[-189.876326613883, -14.277720356135347]","[157.4324783313498, -240.53180818957404]","[83.680642150343, 243.04849261885877]","[131.15714101029513, 72.93328367185772]","[115.88624321077616, 236.937874841153]","[217.94014030379267, 245.4991115606598]","[214.84857026674038, -74.34710950468609]","[221.04133174966202, 67.87094513300549]","[-150.39391095033614, -175.08286350693763]","[80.37212354348421, -172.7688735625243]","[-203.99263254106347, -178.638252012118]","[59.172717389700594, 97.40444896906966]","[20.855955550240797, -178.8136195168988]","[-178.59611328823578, 3.174830932190169]","[63.951563365417876, -129.85926398404274]","[-31.608200921768073, 119.22822447101994]","[-64.72335690172741, 42.50058230666908]","[-110.3103791740813, -161.86981654670495]","[-156.12402543192448, -104.0920041389474]","[-138.30809240580234, 199.0713172103297]","[223.7714299424518, 219.77419782904127]","[44.93649486393326, -201.46736916974803]","[-141.0888702476211, 202.4203504469634]","[202.7365309869176, 204.6435641006564]","[218.29898026789164, -33.42156121378473]","[-102.96393895527692, -55.960531258118024]","[96.63006232275477, -171.39215972990115]","[-236.3473016099307, -77.40522867036267]","[225.6747920370884, -55.47532573051928]","[-78.64533827091465, 237.81895617514363]","[225.07187133034557, 232.28029211039393]","[-37.88785205477479, -25.114342176720285]","[-223.31366919429826, -193.97592382578927]","[82.87878574577726, 127.55372875091604]","[-29.00412812466776, 15.26884552739486]","[-135.90853385373651, 7.164296008687778]","[-53.15913479115559, 85.45112557620546]","[-191.24902372782637, -233.44830022087265]","[43.93985125157087, -77.39112392360003]","[-162.5508519667791, 167.92224694729222]","[-175.47267880029247, 28.67443082650824]","[-214.62494614337996, 106.48937256780111]","[10.468412246194418, 97.6508201052628]","[247.87628891204963, 54.535061453375945]","[27.815718587272222, -57.002508548131054]","[-182.28662423225865, 57.50224291873195]","[-131.5771863819282, -17.417180248911674]","[7.9601194593316205, 206.47023666495477]","[-170.7223799337459, 219.16303647069282]","[-217.7455420627313, -61.03911888401143]","[177.24384234916084, -94.9151871190402]","[-195.35510938930005, 238.41316307089818]","[-142.61081669097047, 29.84427297320743]","[-4.10620879630463, 99.16435439900143]","[37.48430908795511, 198.6158322009854]","[-173.62268788932505, -26.93801983845644]","[43.770383526359964, -34.022629407997435]","[-208.22789264275158, 230.98501724077383]","[223.487198070402, 118.8030418554117]","[-228.98082608739756, -148.872508305504]","[-35.972095230239326, 191.19168988731914]","[154.04486292737826, 21.09359833189199]","[14.997218026865468, -59.77703890779625]","[68.65755263648124, -122.21927863516359]","[-73.12953446984812, 160.07302165680207]","[101.2760577737363, 32.5087607864279]","[-243.87770452734932, 58.59929981813379]","[14.54616728342419, 204.87796531258363]","[-120.89293214776535, -68.45347677482759]","[-6.83797308575531, -91.55079581354636]","[-169.20560935935157, 217.37141686102055]","[30.86631305364139, -239.57431094860024]","[-207.4441075317831, 73.12662277624537]","[129.68798266674244, 126.20101128624148]","[-163.82610960819378, -35.83846847246252]"
"[-3.71573508830342, 246.48555823799757]","[-25.7199815847777, 209.81562250052352]","[138.15197452479572, 47.49105075610997]","[-230.13986441710722, -111.659044562659]","[3.0167511191833905, -252.10896011599021]","[-11.321081734793452, -126.83866278715278]","[148.24951243616488, -123.15213362410998]","[43.840676906530575, 11.136577449954634]","[107.05960168370154, 99.13155685057882]","[-104.12237874049117, 16.127048695168554]","[-208.8372638860133, 95.78750555238408]","[-247.4605704418912, 89.01375338392052]","[-186.01737120321945, 221.96234684556248]","[-170.95049357102062, 88.75065876072028]","[120.7548244844873, -229.85839065692176]","[-120.73434559873908, 19.297371889429257]","[57.09779292084755, 4.347777545471544]","[68.80647670746967, 110.90209939592921]","[-228.394155815329, 107.68195649964275]","[177.60996558897477, 227.11013525739872]","[-19.301755177134893, 182.21371687339501]","[-146.5721038785564, 195.08264254615983]","[-212.42670560261422, 176.629140241781]","[-229.64709926722185, 220.4579621402013]","[-113.66624773059652, 34.17121180788422]","[221.96603241294656, 44.08609118353115]","[145.9622942521312, 110.87311965578097]","[-237.94606113049161, 118.17061008431077]","[-49.72311498034918, 112.03493673729747]","[13.540888386706573, -142.45147048788954]","[-189.876326613883, -14.277720356135347]","[157.4324783313498, -240.53180818957404]","[83.680642150343, 243.04849261885877]","[131.15714101029513, 72.93328367185772]","[115.88624321077616, 236.937874841153]","[217.94014030379267, 245.4991115606598]","[214.84857026674038, -74.34710950468609]","[221.04133174966202, 67.87094513300549]","[-150.39391095033614, -175.08286350693763]","[80.37212354348421, -172.7688735625243]","[-203.99263254106347, -178.638252012118]","[59.172717389700594, 97.40444896906966]","[20.855955550240797, -178.8136195168988]","[-178.59611328823578, 3.174830932190169]","[63.951563365417876, -129.85926398404274]","[-31.608200921768073, 119.22822447101994]","[-64.72335690172741, 42.50058230666908]","[-110.3103791740813, -161.86981654670495]","[-156.12402543192448, -104.0920041389474]","[-138.30809240580234, 199.0713172103297]","[223.7714299424518, 219.77419782904127]","[44.93649486393326, -201.46736916974803]","[-141.0888702476211, 202.4203504469634]","[202.7365309869176, 204.6435641006564]","[218.29898026789164, -33.42156121378473]","[-102.96393895527692, -55.960531258118024]","[96.63006232275477, -171.39215972990115]","[-236.3473016099307, -77.40522867036267]","[225.6747920370884, -55.47532573051928]","[-78.64533827091465, 237.81895617514363]","[225.07187133034557, 232.28029211039393]","[-37.88785205477479, -25.114342176720285]","[-223.31366919429826, -193.97592382578927]","[82.87878574577726, 127.55372875091604]","[-29.00412812466776, 15.26884552739486]","[-135.90853385373651, 7.164296008687778]","[-53.15913479115559, 85.45112557620546]","[-191.24902372782637, -233.44830022087265]","[43.93985125157087, -77.39112392360003]","[-162.5508519667791, 167.92224694729222]","[-175.47267880029247, 28.67443082650824]","[-214.62494614337996, 106.48937256780111]","[10.468412246194418, 97.6508201052628]","[247.87628891204963, 54.535061453375945]","[27.815718587272222, -57.002508548131054]","[-182.28662423225865, 57.50224291873195]","[-131.5771863819282, -17.417180248911674]","[7.9601194593316205, 206.47023666495477]","[-170.7223799337459, 219.16303647069282]","[-217.7455420627313, -61.03911888401143]","[177.24384234916084, -94.9151871190402]","[-195.35510938930005, 238.41316307089818]","[-142.61081669097047, 29.84427297320743]","[-4.10620879630463, 99.16435439900143]","[37.48430908795511, 198.6158322009854]","[-173.62268788932505, -26.93801983845644]","[43.770383526359964, -34.022629407997435]","[-208.22789264275158, 230.98501724077383]","[223.487198070402, 118.8030418554117]","[-228.98082608739756, -148.872508305504]","[-35.972095230239326, 191.19168988731914]","[154.04486292737826, 21.09359833189199]","[14.997218026865468, -59.77703890779625]","[68.65755263648124, -122.21927863516359]","[-73.12953446984812, 160.07302165680207]","[101.2760577737363, 32.5087607864279]","[-243.87770452734932, 58.59929981813379]","[14.54616728342419, 204.87796531258363]","[-120.89293214776535, -68.45347677482759]","[-6.83797308575531, -91.55079581354636]","[-90.07106444317569, 232.53910127838296]","[32.66363961813317, -249.6532113260554]","[-182.58367207070384, 82.28831916525665]","[164.8045426699475, 194.41705380004765]","[-215.55124752078865, -93.61647317718935]"
"[-3.71573508830342, 246.48555823799757]","[-25.7199815847777, 209.81562250052352]","[138.15197452479572, 47.49105075610997]","[-230.13986441710722, -111.659044562659]","[3.0167511191833905, -252.10896011599021]","[-11.321081734793452, -126.83866278715278]","[148.24951243616488, -123.15213362410998]","[43.840676906530575, 11.136577449954634]","[107.05960168370154, 99.13155685057882]","[-104.12237874049117, 16.127048695168554]","[-208.8372638860133, 95.78750555238408]","[-247.4605704418912, 89.01375338392052]","[-186.01737120321945, 221.96234684556248]","[-155.41267870441294, 99.46105590200918]","[120.7548244844873, -229.85839065692176]","[-120.73434559873908, 19.297371889429257]","[57.09779292084755, 4.347777545471544]","[68.80647670746967, 110.90209939592921]","[-228.394155815329, 107.68195649964275]","[177.60996558897477, 227.11013525739872]","[-19.301755177134893, 182.21371687339501]","[-146.5721038785564, 195.08264254615983]","[-212.42670560261422, 176.629140241781]","[-229.64709926722185, 220.4579621402013]","[-113.66624773059652, 34.17121180788422]","[221.96603241294656, 44.08609118353115]","[145.9622942521312, 110.87311965578097]","[-237.94606113049161, 118.17061008431077]","[-49.72311498034918, 112.03493673729747]","[13.540888386706573, -142.45147048788954]","[-189.57294470158058, -14.317394692726111]","[158.35140380725693, -242.03635221665604]","[82.92073388610629, 241.39799015847836]","[130.8938754403373, 72.49518133926597]","[114.58427795517275, 237.21471410417485]","[218.21730320433448, 246.1418417836112]","[213.11265173341758, -74.68241086249839]","[221.6186648567566, 65.99536586629199]","[-150.02161251466987, -173.80898686507157]","[78.71099833541052, -171.87871264288492]","[-202.56300861835825, -176.87228801384913]","[57.48310558822925, 99.17651310750819]","[19.121092057418053, -178.64413659074148]","[-177.10984375798375, 3.1998067796459075]","[62.516072417620435, -128.26773026747742]","[-30.980801053449227, 118.11797082402279]","[-66.25526503054562, 44.28637977905038]","[-108.78329048466435, -160.85121891051995]","[-137.91964093413236, -105.37636151695995]","[-138.63781989234553, 198.79579109751967]","[225.31020564851633, 219.31336894747574]","[43.2131369873523, -203.3912790511406]","[-139.53013742585267, 200.62325765367245]","[202.41317827076296, 205.30693040075016]","[216.48454887759044, -31.767498530039685]","[-101.38735880603076, -54.240607152134885]","[96.5772140831483, -173.01961111988703]","[-237.1112018399208, -75.74883276612877]","[227.4854766138153, -55.400372263450606]","[-79.02324373818817, 236.65023562873557]","[223.5107100918235, 230.74890526902163]","[-36.01468806259976, -26.98781963053747]","[-223.78705050776944, -192.25819865804488]","[84.43289799517402, 127.20426142961833]","[-29.43328928533458, 15.735823459879839]","[-137.75261011855602, 8.759195438500317]","[-52.324725475606385, 83.65842922994909]","[-189.85602711751585, -231.51234310956875]","[44.31041124376561, -76.39968377546509]","[-163.77240224774755, 167.19685365404825]","[-177.39734720033425, 28.34220665886656]","[-215.77002053778747, 107.69869202164232]","[11.963899709936477, 99.45808012030034]","[245.91752594136642, 53.182927375286795]","[26.50367838545397, -57.28858119786406]","[-182.28662423225865, 57.50224291873195]","[-131.5771863819282, -17.417180248911674]","[7.9601194593316205, 206.47023666495477]","[-170.7223799337459, 219.16303647069282]","[-217.7455420627313, -61.03911888401143]","[177.24384234916084, -94.9151871190402]","[-195.35510938930005, 238.41316307089818]","[-142.61081669097047, 29.84427297320743]","[-4.10620879630463, 99.16435439900143]","[37.48430908795511, 198.6158322009854]","[-173.62268788932505, -26.93801983845644]","[43.770383526359964, -34.022629407997435]","[-208.22789264275158, 230.98501724077383]","[223.487198070402, 118.8030418554117]","[-228.98082608739756, -148.872508305504]","[-35.972095230239326, 191.19168988731914]","[154.04486292737826, 21.09359833189199]","[14.997218026865468, -59.77703890779625]","[68.65755263648124, -122.21927863516359]","[-73.12953446984812, 160.07302165680207]","[101.2760577737363, 32.5087607864279]","[-243.87770452734932, 58.59929981813379]","[14.54616728342419, 204.87796531258363]","[-120.89293214776535, -68.45347677482759]","[-6.83797308575531, -91.55079581354636]","[-24.180060658569623, 243.15795079744336]","[120.25938841580337, -236.51771079365196]","[-162.32529126476183, 92.67739790365323]","[188.76740980553785, 142.69758688100922]","[-162.30311621940223, -104.56033596533308]"
"[-3.71573508830342, 246.48555823799757]","[-25.7199815847777, 209.81562250052352]","[138.15197452479572, 47.49105075610997]","[-230.13986441710722, -111.659044562659]","[3.0167511191833905, -252.10896011599021]","[-11.321081734793452, -126.83866278715278]","[148.24951243616488, -123.15213362410998]","[43.840676906530575, 11.136577449954634]","[107.05960168370154, 99.13155685057882]","[-104.12237874049117, 16.127048695168554]","[-208.8372638860133, 95.78750555238408]","[-247.4605704418912, 89.01375338392052]","[-186.01737120321945, 221.96234684556248]","[-111.97376588539694, 128.6804386079917]","[120.7548244844873, -229.85839065692176]","[-120.73434559873908, 19.297371889429257]","[57.09779292084755, 4.347777545471544]","[68.80647670746967, 110.90209939592921]","[-228.394155815329, 107.68195649964275]","[177.60996558897477, 227.11013525739872]","[-19.301755177134893, 182.21371687339501]","[-146.5721038785564, 195.08264254615983]","[-212.42670560261422, 176.629140241781]","[-229.64709926722185, 220.4579621402013]","[-113.66624773059652, 34.17121180788422]","[221.96603241294656, 44.08609118353115]","[145.9622942521312, 110.87311965578097]","[-237.94606113049161, 118.17061008431077]","[-49.72311498034918, 112.03493673729747]","[13.540888386706573, -142.45147048788954]","[-189.57294470158058, -14.317394692726111]","[158.35140380725693, -242.03635221665604]","[82.92073388610629, 241.39799015847836]","[130.8938754403373, 72.49518133926597]","[114.58427795517275, 237.21471410417485]","[218.21730320433448, 246.1418417836112]","[213.11265173341758, -74.68241086249839]","[221.6186648567566, 65.99536586629199]","[-150.02161251466987, -173.80898686507157]","[78.71099833541052, -171.87871264288492]","[-202.56300861835825, -176.87228801384913]","[57.48310558822925, 99.17651310750819]","[19.121092057418053, -178.64413659074148]","[-177.10984375798375, 3.1998067796459075]","[62.516072417620435, -128.26773026747742]","[-30.980801053449227, 118.11797082402279]","[-66.25526503054562, 44.28637977905038]","[-108.78329048466435, -160.85121891051995]","[-94.31330255746455, -110.45546556105975]","[-138.63781989234553, 198.79579109751967]","[225.31020564851633, 219.31336894747574]","[43.2131369873523, -203.3912790511406]","[-139.53013742585267, 200.62325765367245]","[202.41317827076296, 205.30693040075016]","[216.48454887759044, -31.767498530039685]","[-101.38735880603076, -54.240607152134885]","[96.5772140831483, -173.01961111988703]","[-237.1112018399208, -75.74883276612877]","[227.4854766138153, -55.400372263450606]","[-79.02324373818817, 236.65023562873557]","[223.5107100918235, 230.74890526902163]","[-36.01468806259976, -26.98781963053747]","[-223.78705050776944, -192.25819865804488]","[84.43289799517402, 127.20426142961833]","[-29.43328928533458, 15.735823459879839]","[-137.75261011855602, 8.759195438500317]","[-52.324725475606385, 83.65842922994909]","[-189.85602711751585, -231.51234310956875]","[44.31041124376561, -76.39968377546509]","[-163.77240224774755, 167.19685365404825]","[-177.39734720033425, 28.34220665886656]","[-215.77002053778747, 107.69869202164232]","[11.963899709936477, 99.45808012030034]","[245.91752594136642, 53.182927375286795]","[26.50367838545397, -57.28858119786406]","[-183.61328483686702, 57.71684904997937]","[-130.6596415793465, -16.19106314161334]","[6.09727938209328, 205.68027047423402]","[-172.25414849570961, 217.4720416807918]","[-215.99490521455004, -61.90185015315592]","[178.70724839904096, -95.18878527890308]","[-193.83441073062863, 240.32932922388363]","[-140.98379050396625, 28.107740540808493]","[-4.278065452697173, 97.3259336152715]","[35.83921038623441, 196.84666537255475]","[-175.25972043009807, -27.273739714477216]","[43.166152601554245, -35.454433609139926]","[-206.97473444885895, 231.84001970374152]","[223.27108350903086, 118.63204783475624]","[-227.4066583855972, -146.99715234914743]","[-35.5395374059878, 191.07621701407902]","[153.19412905986087, 20.106969522162274]","[14.282534887846248, -58.88804446605286]","[70.3229172988357, -123.53631844018696]","[-73.29089653696929, 159.22631046491665]","[99.45835174141291, 34.01001232734617]","[-243.5745194598278, 59.3991997921529]","[15.195619752484788, 205.71767464295272]","[-121.44906531173183, -67.51825917123153]","[-7.529112098006069, -91.20090950119584]","[-47.95321136547218, 199.7553224781738]","[136.80843571424649, -176.87956579837297]","[-92.09904503860797, 139.83024818345342]","[212.61431075983586, 71.47739379414847]","[-79.2743774328148, -114.540015127967]"
"[-5.680201974341347, 246.42125301774726]","[-25.01841672872535, 210.0155812338286]","[139.0334654581842, 46.32892056466246]","[-229.53234746924562, -110.74142513299138]","[1.6167376617780747, -253.639435660817]","[-11.611216951642634, -125.4434956355469]","[148.0307014906855, -122.67115032712373]","[42.99414921505425, 10.27406983932601]","[106.06705189416424, 97.64800145690117]","[-105.13767608305257, 15.642929782064625]","[-209.7330652869532, 95.58939715526506]","[-246.2302852209456, 88.01547255691058]","[-185.0195426036219, 221.3326402012578]","[-83.03012774015944, 147.1531404998596]","[122.46077329683399, -230.7467354134954]","[-119.07613879858147, 18.959543375607915]","[57.4850170359535, 2.8912497386554867]","[70.28228629590338, 111.76486182042036]","[-230.3184252922451, 106.0172010620981]","[177.06121128759662, 225.37390216457356]","[-20.839474574276757, 182.7404314825694]","[-146.5721038785564, 196.2179728644298]","[-212.42670560261422, 176.629140241781]","[-229.64709926722185, 220.4579621402013]","[-113.66624773059652, 34.17121180788422]","[221.96603241294656, 44.08609118353115]","[145.9622942521312, 110.87311965578097]","[-237.94606113049161, 118.17061008431077]","[-49.72311498034918, 112.03493673729747]","[13.540888386706573, -142.45147048788954]","[-189.57294470158058, -14.317394692726111]","[158.35140380725693, -242.03635221665604]","[82.92073388610629, 241.39799015847836]","[130.8938754403373, 72.49518133926597]","[114.58427795517275, 237.21471410417485]","[218.21730320433448, 246.1418417836112]","[213.11265173341758, -74.68241086249839]","[221.6186648567566, 65.99536586629199]","[-150.02161251466987, -173.80898686507157]","[78.71099833541052, -171.87871264288492]","[-202.56300861835825, -176.87228801384913]","[57.48310558822925, 99.17651310750819]","[19.121092057418053, -178.64413659074148]","[-177.10984375798375, 3.1998067796459075]","[62.516072417620435, -128.26773026747742]","[-30.980801053449227, 118.11797082402279]","[-66.25526503054562, 44.28637977905038]","[-108.78329048466435, -160.85121891051995]","[-55.531904957993106, -114.99333306173304]","[-138.63781989234553, 198.79579109751967]","[225.31020564851633, 219.31336894747574]","[43.2131369873523, -203.3912790511406]","[-139.53013742585267, 200.62325765367245]","[202.41317827076296, 205.30693040075016]","[216.48454887759044, -31.767498530039685]","[-101.38735880603076, -54.240607152134885]","[96.5772140831483, -173.01961111988703]","[-237.1112018399208, -75.74883276612877]","[227.4854766138153, -55.400372263450606]","[-79.02324373818817, 236.65023562873557]","[223.5107100918235, 230.74890526902163]","[-36.01468806259976, -26.98781963053747]","[-223.78705050776944, -192.25819865804488]","[84.43289799517402, 127.20426142961833]","[-29.43328928533458, 15.735823459879839]","[-137.75261011855602, 8.759195438500317]","[-52.324725475606385, 83.65842922994909]","[-189.85602711751585, -231.51234310956875]","[44.31041124376561, -76.39968377546509]","[-163.77240224774755, 167.19685365404825]","[-177.39734720033425, 28.34220665886656]","[-215.77002053778747, 107.69869202164232]","[11.963899709936477, 99.45808012030034]","[245.91752594136642, 53.182927375286795]","[26.50367838545397, -57.28858119786406]","[-183.61328483686702, 57.71684904997937]","[-130.6596415793465, -16.19106314161334]","[6.09727938209328, 205.68027047423402]","[-172.25414849570961, 217.4720416807918]","[-215.99490521455004, -61.90185015315592]","[178.70724839904096, -95.18878527890308]","[-193.83441073062863, 240.32932922388363]","[-140.98379050396625, 28.107740540808493]","[-4.278065452697173, 97.3259336152715]","[35.83921038623441, 196.84666537255475]","[-175.25972043009807, -27.273739714477216]","[43.166152601554245, -35.454433609139926]","[-206.97473444885895, 231.84001970374152]","[223.27108350903086, 118.63204783475624]","[-227.4066583855972, -146.99715234914743]","[-35.5395374059878, 191.07621701407902]","[153.19412905986087, 20.106969522162274]","[14.282534887846248, -58.88804446605286]","[70.3229172988357, -123.53631844018696]","[-73.29089653696929, 159.22631046491665]","[99.45835174141291, 34.01001232734617]","[-243.5745194598278, 59.3991997921529]","[15.195619752484788, 205.71767464295272]","[-121.44906531173183, -67.51825917123153]","[-7.529112098006069, -91.20090950119584]","[-109.49338093232956, 161.4693336668905]","[146.05343970315184, -125.57826503427725]","[-41.335688298224575, 179.12037470850674]","[200.0962274884458, 117.07452272422813]","[-21.824630835111048, -112.60281871506922]"
"[-5.680201974341347, 246.42125301774726]","[-25.01841672872535, 210.0155812338286]","[139.0334654581842, 46.32892056466246]","[-229.53234746924562, -110.74142513299138]","[1.6167376617780747, -253.639435660817]","[-11.611216951642634, -125.4434956355469]","[148.0307014906855, -122.67115032712373]","[42.99414921505425, 10.27406983932601]","[106.06705189416424, 97.64800145690117]","[-105.13767608305257, 15.642929782064625]","[-209.7330652869532, 95.58939715526506]","[-246.2302852209456, 88.01547255691058]","[-185.0195426036219, 221.3326402012578]","[-83.03012774015944, 147.1531404998596]","[122.46077329683399, -230.7467354134954]","[-119.07613879858147, 18.959543375607915]","[57.4850170359535, 2.8912497386554867]","[70.28228629590338, 111.76486182042036]","[-230.3184252922451, 106.0172010620981]","[177.06121128759662, 225.37390216457356]","[-20.839474574276757, 182.7404314825694]","[-148.26861686337594, 196.2179728644298]","[-212.480043802941, 176.0827827720036]","[-228.35298667562458, 221.51520740772645]","[-113.49952869692109, 33.19261328386975]","[223.96178646456488, 42.72185258147255]","[145.2485652894428, 112.64372675454717]","[-238.6446214633591, 117.23095180017035]","[-48.43850435289283, 110.66430382945966]","[11.983499435044896, -144.25790429887573]","[-189.26956278927815, -14.357069029316875]","[159.27032928316405, -243.54089624373805]","[82.16082562186958, 239.74748769809796]","[130.63060987037946, 72.05707900667421]","[113.28231269956935, 237.4915533671967]","[218.4944661048763, 246.7845720065626]","[211.37673320009478, -75.01771222031068]","[222.19599796385117, 64.11978659957849]","[-149.6493140790036, -172.53511022320552]","[77.04987312733684, -170.98855172324554]","[-201.13338469565304, -175.10632401558027]","[55.79349378675791, 100.94857724594671]","[17.38622856459531, -178.47465366458417]","[-175.62357422773172, 3.224782627101646]","[61.080581469822995, -126.6761965509121]","[-30.35340118513038, 117.00771717702564]","[-67.78717315936382, 46.072177251431675]","[-107.25620179524739, -159.83262127433494]","[-34.55319165958119, -117.41200309150267]","[-139.42832878804813, 198.37875873853193]","[226.84898135458087, 218.8525400659102]","[41.48977911077134, -205.31518893253318]","[-137.50879326033242, 198.96821403266603]","[202.08982555460832, 205.97029670084393]","[214.67011748728925, -30.113435846294642]","[-99.8107786567846, -52.520683046151746]","[96.52436584354184, -174.6470625098729]","[-237.8751020699109, -74.09243686189487]","[229.29616119054222, -55.32541879638193]","[-79.40114920546169, 235.48151508232752]","[221.94954885330145, 229.21751842764934]","[-34.14152407042473, -28.861297084354653]","[-224.26043182124062, -190.54047349030049]","[85.98701024457077, 126.85479410832062]","[-29.862450446001404, 16.20280139236482]","[-139.59668638337553, 10.354094868312856]","[-51.49031616005718, 81.86573288369273]","[-189.85602711751585, -231.51234310956875]","[44.31041124376561, -76.39968377546509]","[-163.77240224774755, 167.19685365404825]","[-177.39734720033425, 28.34220665886656]","[-215.77002053778747, 107.69869202164232]","[11.963899709936477, 99.45808012030034]","[245.91752594136642, 53.182927375286795]","[26.50367838545397, -57.28858119786406]","[-183.61328483686702, 57.71684904997937]","[-130.6596415793465, -16.19106314161334]","[6.09727938209328, 205.68027047423402]","[-172.25414849570961, 217.4720416807918]","[-215.99490521455004, -61.90185015315592]","[178.70724839904096, -95.18878527890308]","[-193.83441073062863, 240.32932922388363]","[-140.98379050396625, 28.107740540808493]","[-4.278065452697173, 97.3259336152715]","[35.83921038623441, 196.84666537255475]","[-175.25972043009807, -27.273739714477216]","[43.166152601554245, -35.454433609139926]","[-206.97473444885895, 231.84001970374152]","[223.27108350903086, 118.63204783475624]","[-227.4066583855972, -146.99715234914743]","[-35.5395374059878, 191.07621701407902]","[153.19412905986087, 20.106969522162274]","[14.282534887846248, -58.88804446605286]","[70.3229172988357, -123.53631844018696]","[-73.29089653696929, 159.22631046491665]","[99.45835174141291, 34.01001232734617]","[-243.5745194598278, 59.3991997921529]","[15.195619752484788, 205.71767464295272]","[-121.44906531173183, -67.51825917123153]","[-7.529112098006069, -91.20090950119584]","[-165.10871762226742, 126.66196687132624]","[138.4814432096579, -184.0902362981592]","[-2.296075447080418, 164.02341365012245]","[182.39964137545857, 180.28810575018596]","[-68.89843424445176, -109.59157578060021]"
"[-5.680201974341347, 246.42125301774726]","[-25.01841672872535, 210.0155812338286]","[139.0334654581842, 46.32892056466246]","[-229.53234746924562, -110.74142513299138]","[1.6167376617780747, -253.639435660817]","[-11.611216951642634, -125.4434956355469]","[148.0307014906855, -122.67115032712373]","[42.99414921505425, 10.27406983932601]","[106.06705189416424, 97.64800145690117]","[-105.13767608305257, 15.642929782064625]","[-209.7330652869532, 95.58939715526506]","[-246.2302852209456, 88.01547255691058]","[-185.0195426036219, 221.3326402012578]","[-83.03012774015944, 147.1531404998596]","[122.46077329683399, -230.7467354134954]","[-119.07613879858147, 18.959543375607915]","[57.4850170359535, 2.8912497386554867]","[70.28228629590338, 111.76486182042036]","[-230.3184252922451, 106.0172010620981]","[177.06121128759662, 225.37390216457356]","[-20.839474574276757, 182.7404314825694]","[-148.26861686337594, 196.2179728644298]","[-212.480043802941, 176.0827827720036]","[-228.35298667562458, 221.51520740772645]","[-113.49952869692109, 33.19261328386975]","[223.96178646456488, 42.72185258147255]","[145.2485652894428, 112.64372675454717]","[-238.6446214633591, 117.23095180017035]","[-48.43850435289283, 110.66430382945966]","[11.983499435044896, -144.25790429887573]","[-189.26956278927815, -14.357069029316875]","[159.27032928316405, -243.54089624373805]","[82.16082562186958, 239.74748769809796]","[130.63060987037946, 72.05707900667421]","[113.28231269956935, 237.4915533671967]","[218.4944661048763, 246.7845720065626]","[211.37673320009478, -75.01771222031068]","[222.19599796385117, 64.11978659957849]","[-149.6493140790036, -172.53511022320552]","[77.04987312733684, -170.98855172324554]","[-201.13338469565304, -175.10632401558027]","[55.79349378675791, 100.94857724594671]","[17.38622856459531, -178.47465366458417]","[-175.62357422773172, 3.224782627101646]","[61.080581469822995, -126.6761965509121]","[-30.35340118513038, 117.00771717702564]","[-67.78717315936382, 46.072177251431675]","[-107.25620179524739, -159.83262127433494]","[-34.55319165958119, -117.41200309150267]","[-139.42832878804813, 198.37875873853193]","[226.84898135458087, 218.8525400659102]","[41.48977911077134, -205.31518893253318]","[-137.50879326033242, 198.96821403266603]","[202.08982555460832, 205.97029670084393]","[214.67011748728925, -30.113435846294642]","[-99.8107786567846, -52.520683046151746]","[96.52436584354184, -174.6470625098729]","[-237.8751020699109, -74.09243686189487]","[229.29616119054222, -55.32541879638193]","[-79.40114920546169, 235.48151508232752]","[221.94954885330145, 229.21751842764934]","[-34.14152407042473, -28.861297084354653]","[-224.26043182124062, -190.54047349030049]","[85.98701024457077, 126.85479410832062]","[-29.862450446001404, 16.20280139236482]","[-139.59668638337553, 10.354094868312856]","[-51.49031616005718, 81.86573288369273]","[-188.46303050720533, -229.57638599826484]","[44.68097123596034, -75.40824362733015]","[-164.993952528716, 166.4714603608043]","[-179.32201560037603, 28.00998249122488]","[-216.915094932195, 108.90801147548352]","[13.459387173678536, 101.26534013533788]","[243.9587629706832, 51.830793297197644]","[25.191638183635717, -57.57465384759707]","[-184.9399454414754, 57.931455181226795]","[-129.7420967767648, -14.964946034315009]","[4.23443930485494, 204.89030428351327]","[-173.78591705767332, 215.78104689089076]","[-214.2442683663688, -62.76458142230041]","[180.17065444892108, -95.46238343876597]","[-192.3137120719572, 242.2454953768691]","[-139.35676431696203, 26.371208108409554]","[-4.449922109089716, 95.48751283154157]","[34.194111684513715, 195.0774985441241]","[-176.8967529708711, -27.60945959049799]","[42.561921676748526, -36.88623781028242]","[-205.72157625496632, 232.6950221667092]","[223.05496894765972, 118.46105381410077]","[-225.83249068379686, -145.12179639279086]","[-35.106979581736276, 190.9607441408389]","[152.34339519234348, 19.120340712432558]","[13.567851748827028, -57.99905002430947]","[71.98828196119017, -124.85335824521033]","[-73.45225860409045, 158.37959927303123]","[97.64064570908953, 35.511263868264436]","[-243.27133439230627, 60.19909976617201]","[15.845072221545387, 206.5573839733218]","[-122.00519847569831, -66.58304156763548]","[-8.220251110256827, -90.85102318884532]","[-213.84853191922684, 96.5544404587337]","[130.5784616303624, -231.67795287046073]","[63.79122764897985, 126.3899204757821]","[166.0639163290611, 191.926379886975]","[-145.14209563616515, -105.37252536015203]"
"[-7.644668860379275, 246.35694779749696]","[-24.316851872673, 210.2155399671337]","[139.91495639157267, 45.16679037321495]","[-228.92483052138402, -109.82380570332376]","[0.21672420437275886, -252.10896011599021]","[-11.901352168491815, -124.048328483941]","[147.8118905452061, -122.19016703013747]","[42.147621523577925, 9.411562228697386]","[105.07450210462693, 96.16444606322352]","[-106.15297342561396, 15.158810868960696]","[-210.62886668789312, 95.39128875814605]","[-245.0, 87.01719172990065]","[-184.02171400402432, 220.7029335569531]","[-83.03012774015944, 147.1531404998596]","[122.46077329683399, -230.7467354134954]","[-119.07613879858147, 18.959543375607915]","[57.4850170359535, 2.8912497386554867]","[70.28228629590338, 111.76486182042036]","[-230.3184252922451, 106.0172010620981]","[177.06121128759662, 225.37390216457356]","[-20.839474574276757, 182.7404314825694]","[-148.26861686337594, 196.2179728644298]","[-212.480043802941, 176.0827827720036]","[-228.35298667562458, 221.51520740772645]","[-113.49952869692109, 33.19261328386975]","[223.96178646456488, 42.72185258147255]","[145.2485652894428, 112.64372675454717]","[-238.6446214633591, 117.23095180017035]","[-48.43850435289283, 110.66430382945966]","[11.983499435044896, -144.25790429887573]","[-189.26956278927815, -14.357069029316875]","[159.27032928316405, -243.54089624373805]","[82.16082562186958, 239.74748769809796]","[130.63060987037946, 72.05707900667421]","[113.28231269956935, 237.4915533671967]","[218.4944661048763, 246.7845720065626]","[211.37673320009478, -75.01771222031068]","[222.19599796385117, 64.11978659957849]","[-149.6493140790036, -172.53511022320552]","[77.04987312733684, -170.98855172324554]","[-201.13338469565304, -175.10632401558027]","[55.79349378675791, 100.94857724594671]","[17.38622856459531, -178.47465366458417]","[-175.62357422773172, 3.224782627101646]","[61.080581469822995, -126.6761965509121]","[-30.35340118513038, 117.00771717702564]","[-67.78717315936382, 46.072177251431675]","[-107.25620179524739, -159.83262127433494]","[-34.55319165958119, -117.41200309150267]","[-139.42832878804813, 198.37875873853193]","[226.84898135458087, 218.8525400659102]","[41.48977911077134, -205.31518893253318]","[-137.50879326033242, 198.96821403266603]","[202.08982555460832, 205.97029670084393]","[214.67011748728925, -30.113435846294642]","[-99.8107786567846, -52.520683046151746]","[96.52436584354184, -174.6470625098729]","[-237.8751020699109, -74.09243686189487]","[229.29616119054222, -55.32541879638193]","[-79.40114920546169, 235.48151508232752]","[221.94954885330145, 229.21751842764934]","[-34.14152407042473, -28.861297084354653]","[-224.26043182124062, -190.54047349030049]","[85.98701024457077, 126.85479410832062]","[-29.862450446001404, 16.20280139236482]","[-139.59668638337553, 10.354094868312856]","[-51.49031616005718, 81.86573288369273]","[-188.46303050720533, -229.57638599826484]","[44.68097123596034, -75.40824362733015]","[-164.993952528716, 166.4714603608043]","[-179.32201560037603, 28.00998249122488]","[-216.915094932195, 108.90801147548352]","[13.459387173678536, 101.26534013533788]","[243.9587629706832, 51.830793297197644]","[25.191638183635717, -57.57465384759707]","[-184.9399454414754, 57.931455181226795]","[-129.7420967767648, -14.964946034315009]","[4.23443930485494, 204.89030428351327]","[-173.78591705767332, 215.78104689089076]","[-214.2442683663688, -62.76458142230041]","[180.17065444892108, -95.46238343876597]","[-192.3137120719572, 242.2454953768691]","[-139.35676431696203, 26.371208108409554]","[-4.449922109089716, 95.48751283154157]","[34.194111684513715, 195.0774985441241]","[-176.8967529708711, -27.60945959049799]","[42.561921676748526, -36.88623781028242]","[-205.72157625496632, 232.6950221667092]","[223.05496894765972, 118.46105381410077]","[-225.83249068379686, -145.12179639279086]","[-35.106979581736276, 190.9607441408389]","[152.34339519234348, 19.120340712432558]","[13.567851748827028, -57.99905002430947]","[71.98828196119017, -124.85335824521033]","[-73.45225860409045, 158.37959927303123]","[97.64064570908953, 35.511263868264436]","[-243.27133439230627, 60.19909976617201]","[15.845072221545387, 206.5573839733218]","[-122.00519847569831, -66.58304156763548]","[-8.220251110256827, -90.85102318884532]","[-152.94387299252372, 132.6631176772667]","[51.134409451492985, -251.92548032854643]","[98.0558865819562, 100.21315647780456]","[129.1225887190359, 118.35652884856287]","[-215.31502023819075, -101.50359101239209]"
"[-7.644668860379275, 246.35694779749696]","[-24.316851872673, 210.2155399671337]","[139.91495639157267, 45.16679037321495]","[-228.92483052138402, -109.82380570332376]","[0.21672420437275886, -252.10896011599021]","[-11.901352168491815, -124.048328483941]","[147.8118905452061, -122.19016703013747]","[42.147621523577925, 9.411562228697386]","[105.07450210462693, 96.16444606322352]","[-106.15297342561396, 15.158810868960696]","[-210.62886668789312, 95.39128875814605]","[-245.0, 87.01719172990065]","[-184.02171400402432, 220.7029335569531]","[-84.52393943653702, 145.24697284494962]","[124.16672210918068, -231.63508017006905]","[-117.41793199842385, 18.62171486178657]","[57.87224115105944, 1.4347219318394293]","[71.75809588433708, 112.62762424491152]","[-232.24269476916123, 104.35244562455344]","[176.51245698621847, 223.6376690717484]","[-22.37719397141862, 183.26714609174377]","[-149.9651298481955, 197.3533031826998]","[-212.53338200326777, 175.53642530222623]","[-227.0588740840273, 222.5724526752516]","[-113.33280966324565, 32.214014759855274]","[225.9575405161832, 41.35761397941394]","[144.53483632675443, 114.41433385331338]","[-239.3431817962266, 116.29129351602992]","[-47.153893725436475, 109.29367092162184]","[10.42611048338322, -146.06433810986192]","[-188.96618087697573, -14.39674336590764]","[160.18925475907116, -245.04544027082005]","[81.40091735763286, 238.09698523771755]","[130.36734430042162, 71.61897667408246]","[111.98034744396594, 237.76839263021856]","[218.7716290054181, 247.427302229514]","[209.64081466677197, -75.35301357812298]","[222.77333107094574, 62.24420733286499]","[-149.27701564333734, -171.26123358133947]","[75.38874791926315, -170.09839080360615]","[-199.70376077294782, -173.3403600173114]","[54.10388198528656, 102.72064138438523]","[15.651365071772567, -178.30517073842685]","[-174.1373046974797, 3.2497584745573844]","[59.645090522025555, -125.08466283434677]","[-29.726001316811534, 115.89746353002849]","[-69.31908128818202, 47.85797472381297]","[-105.72911310583044, -158.81402363814993]","[-32.71376672128469, -117.56800368278087]","[-139.75805627459133, 198.1032326257219]","[228.3877570606454, 218.39171118434467]","[39.766421234190375, -207.23909881392575]","[-135.950060438564, 197.17112123937508]","[201.7664728384537, 206.6336630009377]","[212.85568609698805, -28.4593731625496]","[-98.23419850753845, -50.800758940168606]","[96.47151760393538, -176.2745138998588]","[-238.639002299901, -72.43604095766096]","[229.29616119054222, -55.32541879638193]","[-79.40114920546169, 235.48151508232752]","[221.94954885330145, 229.21751842764934]","[-34.14152407042473, -28.861297084354653]","[-224.26043182124062, -190.54047349030049]","[85.98701024457077, 126.85479410832062]","[-29.862450446001404, 16.20280139236482]","[-139.59668638337553, 10.354094868312856]","[-51.49031616005718, 81.86573288369273]","[-188.46303050720533, -229.57638599826484]","[44.68097123596034, -75.40824362733015]","[-164.993952528716, 166.4714603608043]","[-179.32201560037603, 28.00998249122488]","[-216.915094932195, 108.90801147548352]","[13.459387173678536, 101.26534013533788]","[243.9587629706832, 51.830793297197644]","[25.191638183635717, -57.57465384759707]","[-184.9399454414754, 57.931455181226795]","[-129.7420967767648, -14.964946034315009]","[4.23443930485494, 204.89030428351327]","[-173.78591705767332, 215.78104689089076]","[-214.2442683663688, -62.76458142230041]","[180.17065444892108, -95.46238343876597]","[-192.3137120719572, 242.2454953768691]","[-139.35676431696203, 26.371208108409554]","[-4.449922109089716, 95.48751283154157]","[34.194111684513715, 195.0774985441241]","[-176.8967529708711, -27.60945959049799]","[42.561921676748526, -36.88623781028242]","[-205.72157625496632, 232.6950221667092]","[223.05496894765972, 118.46105381410077]","[-225.83249068379686, -145.12179639279086]","[-35.106979581736276, 190.9607441408389]","[152.34339519234348, 19.120340712432558]","[13.567851748827028, -57.99905002430947]","[71.98828196119017, -124.85335824521033]","[-73.45225860409045, 158.37959927303123]","[97.64064570908953, 35.511263868264436]","[-243.27133439230627, 60.19909976617201]","[15.845072221545387, 206.5573839733218]","[-122.00519847569831, -66.58304156763548]","[-8.220251110256827, -90.85102318884532]","[-88.31761200383698, 170.55031066086855]","[-2.522789489020138, -265.56245168024424]","[69.82270001038205, 51.94526509941139]","[95.40879496444973, 51.70060018792533]","[-177.38607869332063, -58.79733009478954]"
"[-7.644668860379275, 246.35694779749696]","[-24.316851872673, 210.2155399671337]","[139.91495639157267, 45.16679037321495]","[-228.92483052138402, -109.82380570332376]","[6.66124870114448, -239.67236580697542]","[-11.901352168491815, -124.048328483941]","[147.8118905452061, -122.19016703013747]","[40.566460486983416, 6.164965738599191]","[105.07450210462693, 96.16444606322352]","[-106.15297342561396, 15.158810868960696]","[-210.62886668789312, 95.39128875814605]","[-245.0, 87.01719172990065]","[-184.02171400402432, 220.7029335569531]","[-84.52393943653702, 145.24697284494962]","[124.16672210918068, -231.63508017006905]","[-117.41793199842385, 18.62171486178657]","[57.87224115105944, 1.4347219318394293]","[71.75809588433708, 112.62762424491152]","[-232.24269476916123, 104.35244562455344]","[176.51245698621847, 223.6376690717484]","[-22.37719397141862, 183.26714609174377]","[-149.9651298481955, 197.3533031826998]","[-212.53338200326777, 175.53642530222623]","[-227.0588740840273, 222.5724526752516]","[-113.33280966324565, 32.214014759855274]","[225.9575405161832, 41.35761397941394]","[144.53483632675443, 114.41433385331338]","[-239.3431817962266, 116.29129351602992]","[-47.153893725436475, 109.29367092162184]","[10.42611048338322, -146.06433810986192]","[-188.96618087697573, -14.39674336590764]","[160.18925475907116, -245.04544027082005]","[81.40091735763286, 238.09698523771755]","[130.36734430042162, 71.61897667408246]","[111.98034744396594, 237.76839263021856]","[218.7716290054181, 247.427302229514]","[209.64081466677197, -75.35301357812298]","[222.77333107094574, 62.24420733286499]","[-149.27701564333734, -171.26123358133947]","[75.38874791926315, -170.09839080360615]","[-199.70376077294782, -173.3403600173114]","[54.10388198528656, 102.72064138438523]","[15.651365071772567, -178.30517073842685]","[-174.1373046974797, 3.2497584745573844]","[59.645090522025555, -125.08466283434677]","[-29.726001316811534, 115.89746353002849]","[-69.31908128818202, 47.85797472381297]","[-105.72911310583044, -158.81402363814993]","[-32.71376672128469, -117.56800368278087]","[-139.75805627459133, 198.1032326257219]","[228.3877570606454, 218.39171118434467]","[39.766421234190375, -207.23909881392575]","[-135.950060438564, 197.17112123937508]","[201.7664728384537, 206.6336630009377]","[212.85568609698805, -28.4593731625496]","[-98.23419850753845, -50.800758940168606]","[96.47151760393538, -176.2745138998588]","[-238.639002299901, -72.43604095766096]","[231.10684576726914, -55.25046532931326]","[-79.77905467273521, 234.31279453591947]","[220.3883876147794, 227.68613158627704]","[-32.2683600782497, -30.734774538171838]","[-224.7338131347118, -188.8227483225561]","[87.54112249396752, 126.50532678702291]","[-30.291611606668226, 16.6697793248498]","[-141.44076264819503, 11.948994298125395]","[-50.65590684450798, 80.07303653743637]","[-187.0700338968948, -227.64042888696093]","[45.05153122815508, -74.41680347919521]","[-166.21550280968444, 165.74606706756032]","[-181.24668400041782, 27.6777583235832]","[-218.0601693266025, 110.11733092932472]","[14.954874637420595, 103.07260015037542]","[242.0, 50.47865921910849]","[23.879597981817465, -57.86072649733008]","[-186.26660604608378, 58.14606131247422]","[-128.82455197418312, -13.738828927016677]","[2.371599227616599, 204.10033809279253]","[-175.31768561963702, 214.09005210098974]","[-212.49363151818756, -63.6273126914449]","[181.6340604988012, -95.73598159862885]","[-190.7930134132858, 244.16166152985454]","[-137.7297381299578, 24.634675676010616]","[-4.621778765482259, 93.64909204781164]","[32.549012982793016, 193.30833171569344]","[-178.5337855116441, -27.945179466518766]","[41.957690751942806, -38.31804201142491]","[-204.4684180610737, 233.5500246296769]","[222.83885438628857, 118.2900597934453]","[-224.2583229819965, -143.24644043643428]","[-34.67442175748475, 190.84527126759878]","[151.4926613248261, 18.133711902702842]","[12.853168609807808, -57.110055582566076]","[73.65364662354463, -126.1703980502337]","[-73.6136206712116, 157.5328880811458]","[95.82293967676614, 37.012515409182704]","[-242.96814932478475, 60.998999740191124]","[16.494524690605985, 207.3970933036909]","[-122.56133163966479, -65.64782396403942]","[-8.911390122507585, -90.5011368764948]","[-25.079031465811763, 207.7479080548331]","[16.01251859425731, -238.68810028006837]","[40.74476589569422, 9.88215769709881]","[65.21247369159205, -8.135199615513951]","[-120.80207205004842, -0.7177492918698776]"
"[-9.609135746417202, 246.29264257724665]","[-17.733842655885827, 215.6364672937694]","[140.79644732496115, 44.00466018176744]","[-228.31731357352243, -108.90618627365613]","[25.081743596065984, -205.3897602940361]","[-11.901352168491815, -124.048328483941]","[147.8118905452061, -122.19016703013747]","[34.27295921767834, -3.5667283177930553]","[105.07450210462693, 96.16444606322352]","[-106.15297342561396, 15.158810868960696]","[-210.62886668789312, 95.39128875814605]","[-245.0, 87.01719172990065]","[-184.02171400402432, 220.7029335569531]","[-84.52393943653702, 145.24697284494962]","[124.16672210918068, -231.63508017006905]","[-117.41793199842385, 18.62171486178657]","[57.87224115105944, 1.4347219318394293]","[71.75809588433708, 112.62762424491152]","[-232.24269476916123, 104.35244562455344]","[176.51245698621847, 223.6376690717484]","[-22.37719397141862, 183.26714609174377]","[-149.9651298481955, 197.3533031826998]","[-212.53338200326777, 175.53642530222623]","[-227.0588740840273, 222.5724526752516]","[-113.33280966324565, 32.214014759855274]","[225.9575405161832, 41.35761397941394]","[144.53483632675443, 114.41433385331338]","[-239.3431817962266, 116.29129351602992]","[-47.153893725436475, 109.29367092162184]","[10.42611048338322, -146.06433810986192]","[-188.96618087697573, -14.39674336590764]","[160.18925475907116, -245.04544027082005]","[81.40091735763286, 238.09698523771755]","[130.36734430042162, 71.61897667408246]","[111.98034744396594, 237.76839263021856]","[218.7716290054181, 247.427302229514]","[209.64081466677197, -75.35301357812298]","[222.77333107094574, 62.24420733286499]","[-149.27701564333734, -171.26123358133947]","[75.38874791926315, -170.09839080360615]","[-199.70376077294782, -173.3403600173114]","[54.10388198528656, 102.72064138438523]","[15.651365071772567, -178.30517073842685]","[-174.1373046974797, 3.2497584745573844]","[59.645090522025555, -125.08466283434677]","[-29.726001316811534, 115.89746353002849]","[-69.31908128818202, 47.85797472381297]","[-105.72911310583044, -158.81402363814993]","[-32.71376672128469, -117.56800368278087]","[-139.75805627459133, 198.1032326257219]","[228.3877570606454, 218.39171118434467]","[39.766421234190375, -207.23909881392575]","[-135.950060438564, 197.17112123937508]","[201.7664728384537, 206.6336630009377]","[212.85568609698805, -28.4593731625496]","[-98.23419850753845, -50.800758940168606]","[96.47151760393538, -176.2745138998588]","[-238.639002299901, -72.43604095766096]","[231.10684576726914, -55.25046532931326]","[-79.77905467273521, 234.31279453591947]","[220.3883876147794, 227.68613158627704]","[-32.2683600782497, -30.734774538171838]","[-224.7338131347118, -188.8227483225561]","[87.54112249396752, 126.50532678702291]","[-30.291611606668226, 16.6697793248498]","[-141.44076264819503, 11.948994298125395]","[-50.65590684450798, 80.07303653743637]","[-187.0700338968948, -227.64042888696093]","[45.05153122815508, -74.41680347919521]","[-166.21550280968444, 165.74606706756032]","[-181.24668400041782, 27.6777583235832]","[-218.0601693266025, 110.11733092932472]","[14.954874637420595, 103.07260015037542]","[242.0, 50.47865921910849]","[23.879597981817465, -57.86072649733008]","[-186.26660604608378, 58.14606131247422]","[-128.82455197418312, -13.738828927016677]","[2.371599227616599, 204.10033809279253]","[-175.31768561963702, 214.09005210098974]","[-212.49363151818756, -63.6273126914449]","[181.6340604988012, -95.73598159862885]","[-190.7930134132858, 244.16166152985454]","[-137.7297381299578, 24.634675676010616]","[-4.621778765482259, 93.64909204781164]","[32.549012982793016, 193.30833171569344]","[-178.5337855116441, -27.945179466518766]","[41.957690751942806, -38.31804201142491]","[-204.4684180610737, 233.5500246296769]","[222.83885438628857, 118.2900597934453]","[-224.2583229819965, -143.24644043643428]","[-34.67442175748475, 190.84527126759878]","[151.4926613248261, 18.133711902702842]","[12.853168609807808, -57.110055582566076]","[73.65364662354463, -126.1703980502337]","[-73.6136206712116, 157.5328880811458]","[95.82293967676614, 37.012515409182704]","[-242.96814932478475, 60.998999740191124]","[16.494524690605985, 207.3970933036909]","[-122.56133163966479, -65.64782396403942]","[-8.911390122507585, -90.5011368764948]","[-19.512370595397982, 240.74101487093012]","[82.74657171724282, -174.97956123285869]","[92.75611645349241, 78.98729367436704]","[117.05948450911066, 22.945366816068436]","[-113.36821745819937, 6.900172523644953]"
"[-9.609135746417202, 246.29264257724665]","[-17.733842655885827, 215.6364672937694]","[143.2498202684086, 59.256843597150535]","[-228.31731357352243, -108.90618627365613]","[25.081743596065984, -205.3897602940361]","[-12.191487385340997, -122.65316133233512]","[147.5930795997267, -121.70918373315122]","[33.220065396152876, -4.749925466401633]","[104.08195231508962, 94.68089066954587]","[-107.16827076817536, 14.674691955856767]","[-211.52466808883304, 95.19318036102703]","[-243.7697147790544, 86.01891090289071]","[-183.02388540442675, 220.0732269126484]","[-86.0177511329146, 143.34080519003965]","[125.87267092152737, -232.5234249266427]","[-115.75972519826624, 18.28388634796523]","[58.259465266165385, -0.021805874976628115]","[68.83801695452497, 114.44229018754346]","[-234.16696424607736, 102.68769018700878]","[175.9637026848403, 221.90143597892325]","[-23.914913368560484, 183.79386070091815]","[-151.66164283301504, 198.48863350096977]","[-212.58672020359455, 174.99006783244886]","[-225.76476149243004, 223.62969794277677]","[-113.16609062957022, 31.2354162358408]","[227.95329456780152, 39.993375377355335]","[143.82110736406605, 116.18494095207959]","[-240.04174212909408, 115.3516352318895]","[-45.86928309798012, 107.92303801378402]","[8.868721531721542, -147.8707719208481]","[-188.6627989646733, -14.436417702498403]","[161.10818023497828, -246.54998429790206]","[80.64100909339615, 236.44648277733714]","[130.10407873046378, 71.1808743414907]","[110.67838218836253, 238.0452318932404]","[219.04879190595992, 248.0700324524654]","[207.90489613344917, -75.68831493593528]","[223.35066417804032, 60.36862806615149]","[-148.90471720767107, -169.98735693947341]","[73.72762271118947, -169.20822988396677]","[-198.2741368502426, -171.57439601904255]","[52.41427018381522, 104.49270552282375]","[13.916501578949823, -178.13568781226954]","[-172.65103516722766, 3.274734322013123]","[58.209599574228115, -123.49312911778145]","[-29.098601448492687, 114.78720988303134]","[-70.85098941700022, 49.64377219619427]","[-104.20202441641348, -157.79542600196493]","[-32.71376672128469, -117.56800368278087]","[-139.75805627459133, 198.1032326257219]","[228.3877570606454, 218.39171118434467]","[39.766421234190375, -207.23909881392575]","[-135.950060438564, 197.17112123937508]","[201.7664728384537, 206.6336630009377]","[212.85568609698805, -28.4593731625496]","[-98.23419850753845, -50.800758940168606]","[96.47151760393538, -176.2745138998588]","[-238.639002299901, -72.43604095766096]","[231.10684576726914, -55.25046532931326]","[-79.77905467273521, 234.31279453591947]","[220.3883876147794, 227.68613158627704]","[-32.2683600782497, -30.734774538171838]","[-224.7338131347118, -188.8227483225561]","[87.54112249396752, 126.50532678702291]","[-30.291611606668226, 16.6697793248498]","[-141.44076264819503, 11.948994298125395]","[-50.65590684450798, 80.07303653743637]","[-187.0700338968948, -227.64042888696093]","[45.05153122815508, -74.41680347919521]","[-166.21550280968444, 165.74606706756032]","[-181.24668400041782, 27.6777583235832]","[-218.0601693266025, 110.11733092932472]","[14.954874637420595, 103.07260015037542]","[242.0, 50.47865921910849]","[23.879597981817465, -57.86072649733008]","[-186.26660604608378, 58.14606131247422]","[-128.82455197418312, -13.738828927016677]","[2.371599227616599, 204.10033809279253]","[-175.31768561963702, 214.09005210098974]","[-212.49363151818756, -63.6273126914449]","[181.6340604988012, -95.73598159862885]","[-190.7930134132858, 244.16166152985454]","[-137.7297381299578, 24.634675676010616]","[-4.621778765482259, 93.64909204781164]","[32.549012982793016, 193.30833171569344]","[-178.5337855116441, -27.945179466518766]","[41.957690751942806, -38.31804201142491]","[-204.4684180610737, 233.5500246296769]","[222.83885438628857, 118.2900597934453]","[-224.2583229819965, -143.24644043643428]","[-34.67442175748475, 190.84527126759878]","[151.4926613248261, 18.133711902702842]","[12.853168609807808, -57.110055582566076]","[73.65364662354463, -126.1703980502337]","[-73.6136206712116, 157.5328880811458]","[95.82293967676614, 37.012515409182704]","[-242.96814932478475, 60.998999740191124]","[16.494524690605985, 207.3970933036909]","[-122.56133163966479, -65.64782396403942]","[-8.911390122507585, -90.5011368764948]","[-98.46123553221975, 227.75703551345825]","[136.423647236801, -124.048567771275]","[78.61803918221138, 111.35193485828057]","[146.27977942816898, 63.97837719846066]","[-170.427768434979, -49.44196706375836]"
"[-9.609135746417202, 246.29264257724665]","[-17.733842655885827, 215.6364672937694]","[153.14493797634836, 103.10406807336508]","[-228.31731357352243, -108.90618627365613]","[25.081743596065984, -205.3897602940361]","[-12.191487385340997, -122.65316133233512]","[147.5930795997267, -121.70918373315122]","[33.220065396152876, -4.749925466401633]","[104.08195231508962, 94.68089066954587]","[-107.16827076817536, 14.674691955856767]","[-211.52466808883304, 95.19318036102703]","[-243.7697147790544, 86.01891090289071]","[-183.02388540442675, 220.0732269126484]","[-86.0177511329146, 143.34080519003965]","[125.87267092152737, -232.5234249266427]","[-115.75972519826624, 18.28388634796523]","[58.259465266165385, -0.021805874976628115]","[37.18834603802381, 123.68043528418231]","[-234.16696424607736, 102.68769018700878]","[175.9637026848403, 221.90143597892325]","[-23.914913368560484, 183.79386070091815]","[-151.66164283301504, 198.48863350096977]","[-212.58672020359455, 174.99006783244886]","[-225.76476149243004, 223.62969794277677]","[-113.16609062957022, 31.2354162358408]","[227.95329456780152, 39.993375377355335]","[143.82110736406605, 116.18494095207959]","[-240.04174212909408, 115.3516352318895]","[-45.86928309798012, 107.92303801378402]","[8.868721531721542, -147.8707719208481]","[-188.6627989646733, -14.436417702498403]","[161.10818023497828, -246.54998429790206]","[80.64100909339615, 236.44648277733714]","[130.10407873046378, 71.1808743414907]","[110.67838218836253, 238.0452318932404]","[219.04879190595992, 248.0700324524654]","[207.90489613344917, -75.68831493593528]","[223.35066417804032, 60.36862806615149]","[-148.90471720767107, -169.98735693947341]","[73.72762271118947, -169.20822988396677]","[-198.2741368502426, -171.57439601904255]","[52.41427018381522, 104.49270552282375]","[13.916501578949823, -178.13568781226954]","[-172.65103516722766, 3.274734322013123]","[58.209599574228115, -123.49312911778145]","[-29.098601448492687, 114.78720988303134]","[-70.85098941700022, 49.64377219619427]","[-104.20202441641348, -157.79542600196493]","[-30.874341782988196, -117.72400427405907]","[-140.08778376113452, 197.82770651291185]","[229.92653276670995, 217.93088230277914]","[38.04306335760941, -209.16300869531833]","[-134.3913276167956, 195.37402844608414]","[201.44312012229906, 207.29702930103147]","[211.04125470668686, -26.805310478804557]","[-96.6576183582923, -49.08083483418547]","[96.41866936432892, -177.90196528984467]","[-239.4029025298911, -70.77964505342706]","[232.91753034399605, -55.17551186224458]","[-80.15696014000874, 233.1440739895114]","[218.82722637625733, 226.15474474490475]","[-30.395196086074666, -32.60825199198902]","[-225.20719444818297, -187.1050231548117]","[89.09523474336427, 126.1558594657252]","[-30.72077276733505, 17.13675725733478]","[-143.28483891301454, 13.543893727937935]","[-49.82149752895878, 78.28034019118]","[-185.6770372865843, -225.70447177565703]","[45.42209122034981, -73.42536333106027]","[-167.43705309065288, 165.02067377431635]","[-183.1713524004596, 27.345534155941518]","[-219.20524372101002, 111.32665038316593]","[16.450362101162654, 104.87986016541296]","[240.0412370293168, 49.12652514101934]","[22.567557779999213, -58.146799147063085]","[-187.59326665069216, 58.36066744372164]","[-127.90700717160142, -12.512711819718344]","[0.5087591503782587, 203.31037190207178]","[-176.84945418160072, 212.3990573110887]","[-210.7429946700063, -64.49004396058939]","[183.09746654868133, -96.00957975849174]","[-189.27231475461437, 246.07782768284]","[-136.1027119429536, 22.898143243611678]","[-4.793635421874802, 91.8106712640817]","[30.90391428107232, 191.53916488726279]","[-180.17081805241713, -28.28089934253954]","[41.35345982713709, -39.7498462125674]","[-203.21525986718106, 234.4050270926446]","[222.62273982491743, 118.11906577278982]","[-222.68415528019617, -141.3710844800777]","[-34.241863933233226, 190.72979839435865]","[150.6419274573087, 17.147083092973126]","[12.853168609807808, -56.221061140822684]","[73.65364662354463, -126.1703980502337]","[-73.6136206712116, 157.5328880811458]","[95.82293967676614, 37.012515409182704]","[-242.96814932478475, 60.998999740191124]","[16.494524690605985, 207.3970933036909]","[-122.56133163966479, -65.64782396403942]","[-8.911390122507585, -90.5011368764948]","[-167.81781337921913, 216.49057358467763]","[139.12499813306405, -171.52060674128114]","[13.788728583854052, 154.89617417837502]","[164.93873745796316, 144.42408696102947]","[-218.19110043239158, -96.21829495987502]"
"[-9.609135746417202, 246.29264257724665]","[-17.733842655885827, 215.6364672937694]","[163.3707780863344, 148.84791003058564]","[-228.31731357352243, -108.90618627365613]","[25.081743596065984, -205.3897602940361]","[-12.191487385340997, -122.65316133233512]","[147.5930795997267, -121.70918373315122]","[33.220065396152876, -4.749925466401633]","[104.08195231508962, 94.68089066954587]","[-107.16827076817536, 14.674691955856767]","[-211.52466808883304, 95.19318036102703]","[-243.7697147790544, 86.01891090289071]","[-183.02388540442675, 220.0732269126484]","[-86.0177511329146, 143.34080519003965]","[125.87267092152737, -232.5234249266427]","[-115.75972519826624, 18.28388634796523]","[58.259465266165385, -0.021805874976628115]","[3.7686802495684133, 133.6031435279523]","[-234.16696424607736, 102.68769018700878]","[175.9637026848403, 221.90143597892325]","[-23.914913368560484, 183.79386070091815]","[-151.66164283301504, 198.48863350096977]","[-212.58672020359455, 174.99006783244886]","[-225.76476149243004, 223.62969794277677]","[-113.16609062957022, 31.2354162358408]","[227.95329456780152, 39.993375377355335]","[143.82110736406605, 116.18494095207959]","[-240.04174212909408, 115.3516352318895]","[-45.86928309798012, 107.92303801378402]","[8.868721531721542, -147.8707719208481]","[-188.6627989646733, -14.436417702498403]","[161.10818023497828, -246.54998429790206]","[80.64100909339615, 236.44648277733714]","[130.10407873046378, 71.1808743414907]","[110.67838218836253, 238.0452318932404]","[219.04879190595992, 248.0700324524654]","[207.90489613344917, -75.68831493593528]","[223.35066417804032, 60.36862806615149]","[-148.90471720767107, -169.98735693947341]","[73.72762271118947, -169.20822988396677]","[-198.2741368502426, -171.57439601904255]","[52.41427018381522, 104.49270552282375]","[13.916501578949823, -178.13568781226954]","[-172.65103516722766, 3.274734322013123]","[58.209599574228115, -123.49312911778145]","[-29.098601448492687, 114.78720988303134]","[-70.85098941700022, 49.64377219619427]","[-104.20202441641348, -157.79542600196493]","[-30.874341782988196, -117.72400427405907]","[-140.08778376113452, 197.82770651291185]","[229.92653276670995, 217.93088230277914]","[38.04306335760941, -209.16300869531833]","[-134.3913276167956, 195.37402844608414]","[201.44312012229906, 207.29702930103147]","[211.04125470668686, -26.805310478804557]","[-96.6576183582923, -49.08083483418547]","[96.41866936432892, -177.90196528984467]","[-239.4029025298911, -70.77964505342706]","[232.91753034399605, -55.17551186224458]","[-80.15696014000874, 233.1440739895114]","[218.82722637625733, 226.15474474490475]","[-30.395196086074666, -32.60825199198902]","[-225.20719444818297, -187.1050231548117]","[89.09523474336427, 126.1558594657252]","[-30.72077276733505, 17.13675725733478]","[-143.28483891301454, 13.543893727937935]","[-49.82149752895878, 78.28034019118]","[-185.6770372865843, -225.70447177565703]","[45.42209122034981, -73.42536333106027]","[-167.43705309065288, 165.02067377431635]","[-183.1713524004596, 27.345534155941518]","[-219.20524372101002, 111.32665038316593]","[16.450362101162654, 104.87986016541296]","[240.0412370293168, 49.12652514101934]","[22.567557779999213, -58.146799147063085]","[-187.59326665069216, 58.36066744372164]","[-127.90700717160142, -12.512711819718344]","[0.5087591503782587, 203.31037190207178]","[-176.84945418160072, 212.3990573110887]","[-210.7429946700063, -64.49004396058939]","[183.09746654868133, -96.00957975849174]","[-189.27231475461437, 246.07782768284]","[-136.1027119429536, 22.898143243611678]","[-4.793635421874802, 91.8106712640817]","[30.90391428107232, 191.53916488726279]","[-180.17081805241713, -28.28089934253954]","[41.35345982713709, -39.7498462125674]","[-203.21525986718106, 234.4050270926446]","[222.62273982491743, 118.11906577278982]","[-222.68415528019617, -141.3710844800777]","[-34.241863933233226, 190.72979839435865]","[150.6419274573087, 17.147083092973126]","[12.138485470788588, -56.221061140822684]","[75.3190112858991, -127.48743785525707]","[-73.77498273833277, 156.6861768892604]","[94.00523364444275, 38.51376695010097]","[-242.66496425726322, 61.798899714210236]","[17.143977159666584, 208.23680263405998]","[-123.11746480363126, -64.71260636044336]","[-9.602529134758344, -90.15125056414428]","[-205.29046125771475, 159.67849906172665]","[135.85234964368334, -232.9185899299142]","[-34.81704592962842, 180.50793631459595]","[170.6998310122782, 200.9246496855037]","[-224.76318683453243, -29.63202432950717]"
"[-11.57360263245513, 246.22833735699635]","[-17.032277799833476, 215.8364260270745]","[165.60654104562047, 153.3863476351656]","[-227.70979662566083, -107.98856684398851]","[23.68173013866067, -203.8592847492093]","[-12.481622602190178, -121.25799418072923]","[147.37426865424732, -121.22820043616497]","[32.37353770467655, -5.612433077030257]","[103.08940252555232, 93.19733527586823]","[-108.18356811073676, 14.190573042752838]","[-212.42046948977296, 94.99507196390802]","[-242.5394295581088, 85.02063007588077]","[-182.02605680482918, 219.44352026834372]","[-101.0137250561098, 126.6256550645393]","[127.57861973387406, -233.41176968321633]","[-114.10151839810862, 17.946057834143886]","[58.64668938127133, -1.4783336817926855]","[-12.385750998544946, 139.74879731010222]","[-236.09123372299348, 101.02293474946413]","[175.41494838346216, 220.1652028860981]","[-25.452632765702347, 184.32057531009252]","[-153.3581558178346, 199.62396381923975]","[-212.64005840392133, 174.44371036267148]","[-224.47064890083277, 224.68694321030193]","[-112.99937159589479, 30.256817711826322]","[229.94904861941984, 38.62913677529673]","[143.10737840137767, 117.95554805084579]","[-240.74030246196156, 114.41197694774908]","[-44.58467247052377, 106.5524051059462]","[7.311332580059865, -149.6772057318343]","[-188.35941705237087, -14.476092039089167]","[162.0271057108854, -248.05452832498406]","[79.88110082915944, 234.79598031695673]","[129.84081316050595, 70.74277200889895]","[109.37641693275913, 238.32207115626227]","[219.32595480650173, 248.7127626754168]","[206.16897760012637, -76.02361629374758]","[223.9279972851349, 58.493048799437986]","[-148.5324187720048, -168.71348029760736]","[72.06649750311578, -168.31806896432738]","[-198.2741368502426, -171.57439601904255]","[52.41427018381522, 104.49270552282375]","[13.916501578949823, -178.13568781226954]","[-172.65103516722766, 3.274734322013123]","[58.209599574228115, -123.49312911778145]","[-29.098601448492687, 114.78720988303134]","[-70.85098941700022, 49.64377219619427]","[-104.20202441641348, -157.79542600196493]","[-30.874341782988196, -117.72400427405907]","[-140.08778376113452, 197.82770651291185]","[229.92653276670995, 217.93088230277914]","[38.04306335760941, -209.16300869531833]","[-134.3913276167956, 195.37402844608414]","[201.44312012229906, 207.29702930103147]","[211.04125470668686, -26.805310478804557]","[-96.6576183582923, -49.08083483418547]","[96.41866936432892, -177.90196528984467]","[-239.4029025298911, -70.77964505342706]","[232.91753034399605, -55.17551186224458]","[-80.15696014000874, 233.1440739895114]","[218.82722637625733, 226.15474474490475]","[-30.395196086074666, -32.60825199198902]","[-225.20719444818297, -187.1050231548117]","[89.09523474336427, 126.1558594657252]","[-30.72077276733505, 17.13675725733478]","[-143.28483891301454, 13.543893727937935]","[-49.82149752895878, 78.28034019118]","[-185.6770372865843, -225.70447177565703]","[45.42209122034981, -73.42536333106027]","[-167.43705309065288, 165.02067377431635]","[-183.1713524004596, 27.345534155941518]","[-219.20524372101002, 111.32665038316593]","[16.450362101162654, 104.87986016541296]","[240.0412370293168, 49.12652514101934]","[22.567557779999213, -58.146799147063085]","[-187.59326665069216, 58.36066744372164]","[-127.90700717160142, -12.512711819718344]","[0.5087591503782587, 203.31037190207178]","[-176.84945418160072, 212.3990573110887]","[-210.7429946700063, -64.49004396058939]","[183.09746654868133, -96.00957975849174]","[-189.27231475461437, 246.07782768284]","[-136.1027119429536, 22.898143243611678]","[-4.793635421874802, 91.8106712640817]","[30.90391428107232, 191.53916488726279]","[-180.17081805241713, -28.28089934253954]","[41.35345982713709, -39.7498462125674]","[-203.21525986718106, 234.4050270926446]","[222.62273982491743, 118.11906577278982]","[-222.68415528019617, -141.3710844800777]","[-34.241863933233226, 190.72979839435865]","[150.6419274573087, 17.147083092973126]","[12.138485470788588, -56.221061140822684]","[75.3190112858991, -127.48743785525707]","[-73.77498273833277, 156.6861768892604]","[94.00523364444275, 38.51376695010097]","[-242.66496425726322, 61.798899714210236]","[17.143977159666584, 208.23680263405998]","[-123.11746480363126, -64.71260636044336]","[-9.602529134758344, -90.15125056414428]","[-243.4966509300283, 96.9581597223674]","[143.59578042357384, -148.7570121520425]","[-109.28790760682915, 126.99601425220013]","[130.85246834133898, 120.1714678369982]","[-231.1744350535013, 60.31167483369381]"
"[-11.57360263245513, 246.22833735699635]","[-17.032277799833476, 215.8364260270745]","[165.60654104562047, 153.3863476351656]","[-227.70979662566083, -107.98856684398851]","[23.68173013866067, -203.8592847492093]","[-12.481622602190178, -121.25799418072923]","[147.37426865424732, -121.22820043616497]","[32.37353770467655, -5.612433077030257]","[103.08940252555232, 93.19733527586823]","[-108.18356811073676, 14.190573042752838]","[-212.42046948977296, 94.99507196390802]","[-242.5394295581088, 85.02063007588077]","[-182.02605680482918, 219.44352026834372]","[-138.39213341957807, 91.1897839218556]","[127.57861973387406, -233.41176968321633]","[-114.10151839810862, 17.946057834143886]","[58.64668938127133, -1.4783336817926855]","[-12.385750998544946, 139.74879731010222]","[-236.09123372299348, 101.02293474946413]","[175.41494838346216, 220.1652028860981]","[-25.452632765702347, 184.32057531009252]","[-153.3581558178346, 199.62396381923975]","[-212.64005840392133, 174.44371036267148]","[-224.47064890083277, 224.68694321030193]","[-112.99937159589479, 30.256817711826322]","[229.94904861941984, 38.62913677529673]","[143.10737840137767, 117.95554805084579]","[-240.74030246196156, 114.41197694774908]","[-44.58467247052377, 106.5524051059462]","[7.311332580059865, -149.6772057318343]","[-188.35941705237087, -14.476092039089167]","[162.0271057108854, -248.05452832498406]","[79.88110082915944, 234.79598031695673]","[129.84081316050595, 70.74277200889895]","[109.37641693275913, 238.32207115626227]","[219.32595480650173, 248.7127626754168]","[206.16897760012637, -76.02361629374758]","[223.9279972851349, 58.493048799437986]","[-148.5324187720048, -168.71348029760736]","[72.06649750311578, -168.31806896432738]","[-196.84451292753738, -169.8084320207737]","[50.724658382343875, 106.26476966126228]","[12.18163808612708, -177.96620488611222]","[-171.16476563697563, 3.2997101694688613]","[56.774108626430674, -121.90159540121613]","[-28.47120158017384, 113.67695623603419]","[-72.38289754581842, 51.42956966857557]","[-102.67493572699652, -156.77682836577992]","[-29.0349168446917, -117.88000486533727]","[-140.4175112476777, 197.5521804001018]","[231.4653084727745, 217.4700534212136]","[36.31970548102845, -211.0869185767109]","[-132.83259479502718, 193.5769356527932]","[201.11976740614443, 207.96039560112524]","[209.22682331638566, -25.151247795059515]","[-95.08103820904614, -47.36091072820233]","[96.36582112472246, -179.52941667983055]","[-240.1668027598812, -69.12324914919316]","[234.72821492072296, -55.10055839517591]","[-80.53486560728226, 231.97535344310336]","[217.26606513773527, 224.62335790353245]","[-28.522032093899632, -34.4817294458062]","[-225.68057576165415, -185.3872979870673]","[90.64934699276102, 125.80639214442749]","[-31.14993392800187, 17.60373518981976]","[-145.12891517783405, 15.138793157750474]","[-48.98708821340958, 76.48764384492364]","[-184.28404067627378, -223.76851466435312]","[45.79265121254455, -72.43392318292533]","[-168.65860337162133, 164.29528048107238]","[-185.09602080050138, 27.013309988299838]","[-220.35031811541754, 112.53596983700713]","[17.945849564904712, 106.6871201804505]","[238.08247405863358, 47.77439106293019]","[21.25551757818096, -58.43287179679609]","[-188.91992725530054, 58.57527357496906]","[-126.98946236901972, -11.286594712420012]","[-1.3540809268600817, 202.52040571135103]","[-178.38122274356442, 210.70806252118768]","[-208.99235782182507, -65.35277522973388]","[184.56087259856145, -96.28317791835462]","[-187.75161609594295, 247.99399383582545]","[-134.47568575594937, 21.16161081121274]","[-4.793635421874802, 89.97225048035178]","[30.90391428107232, 191.53916488726279]","[-180.17081805241713, -28.28089934253954]","[41.35345982713709, -39.7498462125674]","[-203.21525986718106, 234.4050270926446]","[222.62273982491743, 118.11906577278982]","[-222.68415528019617, -141.3710844800777]","[-34.241863933233226, 190.72979839435865]","[150.6419274573087, 17.147083092973126]","[12.138485470788588, -56.221061140822684]","[75.3190112858991, -127.48743785525707]","[-73.77498273833277, 156.6861768892604]","[94.00523364444275, 38.51376695010097]","[-242.66496425726322, 61.798899714210236]","[17.143977159666584, 208.23680263405998]","[-123.11746480363126, -64.71260636044336]","[-9.602529134758344, -90.15125056414428]","[-220.74007844923514, 137.03810053674064]","[104.36913625628775, -153.8356427901563]","[-175.87072123805862, 78.59286350883605]","[83.94917213774815, 25.78323575845599]","[-172.94089885893496, 46.295809176958755]"
"[-11.57360263245513, 246.22833735699635]","[-17.032277799833476, 215.8364260270745]","[165.60654104562047, 153.3863476351656]","[-227.70979662566083, -107.98856684398851]","[23.68173013866067, -203.8592847492093]","[-12.481622602190178, -121.25799418072923]","[147.37426865424732, -121.22820043616497]","[32.37353770467655, -5.612433077030257]","[103.08940252555232, 93.19733527586823]","[-108.18356811073676, 14.190573042752838]","[-212.42046948977296, 94.99507196390802]","[-242.5394295581088, 85.02063007588077]","[-182.02605680482918, 219.44352026834372]","[-169.76208795586325, 61.39845103448038]","[127.57861973387406, -233.41176968321633]","[-114.10151839810862, 17.946057834143886]","[58.64668938127133, -1.4783336817926855]","[-12.385750998544946, 139.74879731010222]","[-236.09123372299348, 101.02293474946413]","[175.41494838346216, 220.1652028860981]","[-25.452632765702347, 184.32057531009252]","[-153.3581558178346, 199.62396381923975]","[-212.64005840392133, 174.44371036267148]","[-224.47064890083277, 224.68694321030193]","[-112.99937159589479, 30.256817711826322]","[229.94904861941984, 38.62913677529673]","[143.10737840137767, 117.95554805084579]","[-240.74030246196156, 114.41197694774908]","[-44.58467247052377, 106.5524051059462]","[7.311332580059865, -149.6772057318343]","[-188.35941705237087, -14.476092039089167]","[162.0271057108854, -248.05452832498406]","[79.88110082915944, 234.79598031695673]","[129.84081316050595, 70.74277200889895]","[109.37641693275913, 238.32207115626227]","[219.32595480650173, 248.7127626754168]","[206.16897760012637, -76.02361629374758]","[223.9279972851349, 58.493048799437986]","[-148.5324187720048, -168.71348029760736]","[72.06649750311578, -168.31806896432738]","[-196.84451292753738, -169.8084320207737]","[50.724658382343875, 106.26476966126228]","[12.18163808612708, -177.96620488611222]","[-171.16476563697563, 3.2997101694688613]","[56.774108626430674, -121.90159540121613]","[-28.47120158017384, 113.67695623603419]","[-72.38289754581842, 51.42956966857557]","[-102.67493572699652, -156.77682836577992]","[-29.0349168446917, -117.88000486533727]","[-140.4175112476777, 197.5521804001018]","[231.4653084727745, 217.4700534212136]","[36.31970548102845, -211.0869185767109]","[-132.83259479502718, 193.5769356527932]","[201.11976740614443, 207.96039560112524]","[209.22682331638566, -25.151247795059515]","[-95.08103820904614, -47.36091072820233]","[96.36582112472246, -179.52941667983055]","[-240.1668027598812, -69.12324914919316]","[234.72821492072296, -55.10055839517591]","[-80.53486560728226, 231.97535344310336]","[217.26606513773527, 224.62335790353245]","[-28.522032093899632, -34.4817294458062]","[-225.68057576165415, -185.3872979870673]","[90.64934699276102, 125.80639214442749]","[-31.14993392800187, 17.60373518981976]","[-145.12891517783405, 15.138793157750474]","[-48.98708821340958, 76.48764384492364]","[-184.28404067627378, -223.76851466435312]","[45.79265121254455, -72.43392318292533]","[-168.65860337162133, 164.29528048107238]","[-185.09602080050138, 27.013309988299838]","[-220.35031811541754, 112.53596983700713]","[17.945849564904712, 106.6871201804505]","[238.08247405863358, 47.77439106293019]","[21.25551757818096, -58.43287179679609]","[-188.91992725530054, 58.57527357496906]","[-126.98946236901972, -11.286594712420012]","[-1.3540809268600817, 202.52040571135103]","[-173.24644742504242, 221.66875390791225]","[-208.99235782182507, -65.35277522973388]","[184.56087259856145, -96.28317791835462]","[-187.75161609594295, 247.99399383582545]","[-134.47568575594937, 21.16161081121274]","[-4.965492078267345, 89.97225048035178]","[29.258815579351626, 189.76999805883213]","[-181.80785059319015, -28.616619218560317]","[40.74922890233137, -41.18165041370989]","[-201.96210167328843, 235.26002955561228]","[222.4066252635463, 117.94807175213435]","[-221.10998757839582, -139.49572852372114]","[-33.8093061089817, 190.61432552111853]","[149.7911935897913, 16.16045428324341]","[11.423802331769368, -55.33206669907929]","[76.98437594825356, -128.80447766028044]","[-73.93634480545393, 155.83946569737498]","[111.33916902838372, 65.57137585626567]","[-242.3617791897417, 62.59879968822935]","[17.793429628727182, 209.07651196442907]","[-123.67359796759774, -63.7773887568473]","[-10.293668147009102, -89.80136425179376]","[-179.07277816771406, 208.28806268536604]","[27.4554531517602, -209.05734205777136]","[-151.60832301181546, 81.83788127080474]","[75.57298669910897, 9.619727055938792]","[-107.36003738583517, 17.524884914559923]"
"[-13.538069518493057, 246.16403213674604]","[-16.330712943781126, 216.0363847603796]","[166.48803197900895, 152.2242174437181]","[-227.10227967779923, -107.07094741432088]","[22.281716681255354, -202.3288092043825]","[-12.77175781903936, -119.86282702912334]","[147.15545770876793, -120.74721713917872]","[31.527010013200226, -6.474940687658881]","[102.09685273601501, 91.71377988219058]","[-109.19886545329815, 13.70645412964891]","[-213.31627089071287, 94.796963566789]","[-241.3091443371632, 84.02234924887084]","[-181.0282282052316, 218.81381362403903]","[-190.90022445362865, 40.765016935674964]","[129.28456854622075, -234.30011443978998]","[-129.51153249380843, 18.428825906919627]","[59.033913496377274, -2.934861488608743]","[-10.909941410111237, 140.61155973459338]","[-238.0155031999096, 99.35817931191947]","[174.866194082084, 218.42896979327293]","[-26.99035216284421, 184.8472899192669]","[-155.05466880265413, 200.75929413750973]","[-212.6933966042481, 173.8973528928941]","[-223.1765363092355, 225.7441884778271]","[-112.83265256221935, 29.278219187811846]","[231.94480267103816, 37.26489817323812]","[142.3936494386893, 119.726155149612]","[-241.43886279482905, 113.47231866360866]","[-43.30006184306742, 105.18177219810839]","[5.753943628398188, -151.4836395428205]","[-188.05603514006845, -14.515766375679931]","[162.0271057108854, -248.05452832498406]","[79.88110082915944, 234.79598031695673]","[129.84081316050595, 70.74277200889895]","[109.37641693275913, 238.32207115626227]","[219.32595480650173, 248.7127626754168]","[206.16897760012637, -76.02361629374758]","[223.9279972851349, 58.493048799437986]","[-148.5324187720048, -168.71348029760736]","[72.06649750311578, -168.31806896432738]","[-196.84451292753738, -169.8084320207737]","[50.724658382343875, 106.26476966126228]","[12.18163808612708, -177.96620488611222]","[-171.16476563697563, 3.2997101694688613]","[56.774108626430674, -121.90159540121613]","[-28.47120158017384, 113.67695623603419]","[-72.38289754581842, 51.42956966857557]","[-102.67493572699652, -156.77682836577992]","[-29.0349168446917, -117.88000486533727]","[-140.4175112476777, 197.5521804001018]","[231.4653084727745, 217.4700534212136]","[36.31970548102845, -211.0869185767109]","[-132.83259479502718, 193.5769356527932]","[201.11976740614443, 207.96039560112524]","[209.22682331638566, -25.151247795059515]","[-95.08103820904614, -47.36091072820233]","[96.36582112472246, -179.52941667983055]","[-240.1668027598812, -69.12324914919316]","[234.72821492072296, -55.10055839517591]","[-80.53486560728226, 231.97535344310336]","[217.26606513773527, 224.62335790353245]","[-28.522032093899632, -34.4817294458062]","[-225.68057576165415, -185.3872979870673]","[90.64934699276102, 125.80639214442749]","[-31.14993392800187, 17.60373518981976]","[-145.12891517783405, 15.138793157750474]","[-48.98708821340958, 76.48764384492364]","[-184.28404067627378, -223.76851466435312]","[45.79265121254455, -72.43392318292533]","[-168.65860337162133, 164.29528048107238]","[-185.09602080050138, 27.013309988299838]","[-220.35031811541754, 112.53596983700713]","[17.945849564904712, 106.6871201804505]","[238.08247405863358, 47.77439106293019]","[21.25551757818096, -58.43287179679609]","[-188.91992725530054, 58.57527357496906]","[-126.98946236901972, -11.286594712420012]","[-1.3540809268600817, 202.52040571135103]","[-166.38642020261383, 235.54247858973557]","[-208.99235782182507, -65.35277522973388]","[184.56087259856145, -96.28317791835462]","[-187.75161609594295, 247.99399383582545]","[-134.47568575594937, 21.16161081121274]","[-4.965492078267345, 89.97225048035178]","[29.258815579351626, 189.76999805883213]","[-181.80785059319015, -28.616619218560317]","[40.74922890233137, -41.18165041370989]","[-201.96210167328843, 235.26002955561228]","[222.4066252635463, 117.94807175213435]","[-221.10998757839582, -139.49572852372114]","[-33.8093061089817, 190.61432552111853]","[149.7911935897913, 16.16045428324341]","[11.423802331769368, -55.33206669907929]","[76.98437594825356, -128.80447766028044]","[-73.93634480545393, 155.83946569737498]","[138.04930178921052, 103.22172215508449]","[-242.3617791897417, 62.59879968822935]","[17.793429628727182, 209.07651196442907]","[-123.67359796759774, -63.7773887568473]","[-10.293668147009102, -89.80136425179376]","[-118.81847203470457, 216.30182340435292]","[-1.8423920223173724, -225.67281605984118]","[-51.80689257435526, 82.89044453977641]","[124.09438797634331, 106.33324651281512]","[-189.50968856612073, 55.497492095931335]"
"[-13.538069518493057, 246.16403213674604]","[-16.330712943781126, 216.0363847603796]","[166.48803197900895, 152.2242174437181]","[-227.10227967779923, -107.07094741432088]","[41.130264004848875, -201.73698723908987]","[-12.77175781903936, -119.86282702912334]","[147.15545770876793, -120.74721713917872]","[31.527010013200226, -6.474940687658881]","[102.09685273601501, 91.71377988219058]","[-109.19886545329815, 13.70645412964891]","[-213.31627089071287, 94.796963566789]","[-241.3091443371632, 84.02234924887084]","[-181.0282282052316, 218.81381362403903]","[-190.90022445362865, 40.765016935674964]","[129.28456854622075, -234.30011443978998]","[-129.51153249380843, 18.428825906919627]","[59.033913496377274, -2.934861488608743]","[-10.909941410111237, 140.61155973459338]","[-238.0155031999096, 99.35817931191947]","[174.866194082084, 218.42896979327293]","[-26.99035216284421, 184.8472899192669]","[-155.05466880265413, 200.75929413750973]","[-212.6933966042481, 173.8973528928941]","[-223.1765363092355, 225.7441884778271]","[-112.83265256221935, 29.278219187811846]","[231.94480267103816, 37.26489817323812]","[142.3936494386893, 119.726155149612]","[-241.43886279482905, 113.47231866360866]","[-43.30006184306742, 105.18177219810839]","[5.753943628398188, -151.4836395428205]","[-188.05603514006845, -14.515766375679931]","[162.9460311867925, -249.55907235206607]","[79.12119256492272, 233.14547785657632]","[129.5775475905481, 70.3046696763072]","[108.07445167715572, 238.59891041928412]","[219.60311770704354, 249.3554928983682]","[204.43305906680357, -76.35891765155988]","[224.50533039222947, 56.617469532724485]","[-148.16012033633854, -167.4396036557413]","[70.4053722950421, -167.427908044688]","[-195.41488900483216, -168.04246802250483]","[49.03504658087253, 108.0368337997008]","[10.446774593304337, -177.7967219599549]","[-169.6784961067236, 3.3246860169245998]","[55.338617678633234, -120.3100616846508]","[-27.843801711854994, 112.56670258903704]","[-73.91480567463663, 53.215367140956864]","[-101.14784703757957, -155.7582307295949]","[-27.195491906395205, -118.03600545661547]","[-140.7472387342209, 197.27665428729176]","[233.00408417883904, 217.00922453964807]","[34.59634760444749, -213.01082845810348]","[-131.27386197325876, 191.77984285950225]","[200.7964146899898, 208.623761901219]","[207.41239192608447, -23.497185111314472]","[-93.50445805979999, -45.64098662221919]","[96.312972885116, -181.15686806981643]","[-240.9307029898713, -67.46685324495925]","[236.53889949744988, -55.025604928107235]","[-80.91277107455578, 230.8066328966953]","[215.7049038992132, 223.09197106216016]","[-26.6488681017246, -36.35520689962338]","[-226.15395707512533, -183.66957281932292]","[92.20345924215778, 125.45692482312978]","[-31.579095088668694, 18.07071312230474]","[-146.97299144265355, 16.733692587563013]","[-48.152678897860376, 74.69494749866728]","[-182.89104406596326, -221.8325575530492]","[46.163211204739284, -71.44248303479038]","[-169.88015365258977, 163.5698871878284]","[-187.02068920054316, 26.681085820658158]","[-221.49539250982505, 113.74528929084833]","[19.44133702864677, 108.49438019548805]","[236.12371108795037, 46.42225698484104]","[21.25551757818096, -58.43287179679609]","[-188.91992725530054, 58.57527357496906]","[-126.98946236901972, -11.286594712420012]","[-1.3540809268600817, 202.52040571135103]","[-161.23176130618052, 245.80675792819008]","[-208.99235782182507, -65.35277522973388]","[184.56087259856145, -96.28317791835462]","[-187.75161609594295, 247.99399383582545]","[-134.47568575594937, 21.16161081121274]","[-4.965492078267345, 89.97225048035178]","[29.258815579351626, 189.76999805883213]","[-181.80785059319015, -28.616619218560317]","[40.74922890233137, -41.18165041370989]","[-201.96210167328843, 235.26002955561228]","[222.4066252635463, 117.94807175213435]","[-221.10998757839582, -139.49572852372114]","[-33.8093061089817, 190.61432552111853]","[149.7911935897913, 16.16045428324341]","[11.423802331769368, -55.33206669907929]","[76.98437594825356, -128.80447766028044]","[-73.93634480545393, 155.83946569737498]","[159.983273445592, 134.0745079331798]","[-242.3617791897417, 62.59879968822935]","[17.793429628727182, 209.07651196442907]","[-123.67359796759774, -63.7773887568473]","[-10.293668147009102, -89.80136425179376]","[-35.82141630748377, 243.31279803263683]","[55.45470708721207, -213.6680140193112]","[48.030668811270615, 76.88586148156536]","[165.32292785712428, 188.0115294293471]","[-228.42440229022662, 47.92016828979054]"
"[-13.538069518493057, 246.16403213674604]","[-16.330712943781126, 216.0363847603796]","[166.48803197900895, 152.2242174437181]","[-227.10227967779923, -107.07094741432088]","[72.31499521375245, -200.62489694960365]","[-12.77175781903936, -119.86282702912334]","[147.15545770876793, -120.74721713917872]","[31.527010013200226, -6.474940687658881]","[102.09685273601501, 91.71377988219058]","[-109.19886545329815, 13.70645412964891]","[-213.31627089071287, 94.796963566789]","[-241.3091443371632, 84.02234924887084]","[-181.0282282052316, 218.81381362403903]","[-190.90022445362865, 40.765016935674964]","[133.55918378265858, -234.7221921180242]","[-129.51153249380843, 18.428825906919627]","[59.033913496377274, -2.934861488608743]","[-10.909941410111237, 140.61155973459338]","[-238.0155031999096, 99.35817931191947]","[174.866194082084, 218.42896979327293]","[-26.99035216284421, 184.8472899192669]","[-155.05466880265413, 200.75929413750973]","[-212.6933966042481, 173.8973528928941]","[-223.1765363092355, 225.7441884778271]","[-112.83265256221935, 29.278219187811846]","[231.94480267103816, 37.26489817323812]","[142.3936494386893, 119.726155149612]","[-241.43886279482905, 113.47231866360866]","[-43.30006184306742, 105.18177219810839]","[5.753943628398188, -151.4836395428205]","[-188.05603514006845, -14.515766375679931]","[162.9460311867925, -249.55907235206607]","[79.12119256492272, 233.14547785657632]","[129.5775475905481, 70.3046696763072]","[108.07445167715572, 238.59891041928412]","[219.60311770704354, 249.3554928983682]","[204.43305906680357, -76.35891765155988]","[224.50533039222947, 56.617469532724485]","[-148.16012033633854, -167.4396036557413]","[70.4053722950421, -167.427908044688]","[-195.41488900483216, -168.04246802250483]","[49.03504658087253, 108.0368337997008]","[10.446774593304337, -177.7967219599549]","[-169.6784961067236, 3.3246860169245998]","[55.338617678633234, -120.3100616846508]","[-27.843801711854994, 112.56670258903704]","[-73.91480567463663, 53.215367140956864]","[-101.14784703757957, -155.7582307295949]","[-27.195491906395205, -118.03600545661547]","[-140.7472387342209, 197.27665428729176]","[233.00408417883904, 217.00922453964807]","[34.59634760444749, -213.01082845810348]","[-131.27386197325876, 191.77984285950225]","[200.7964146899898, 208.623761901219]","[207.41239192608447, -23.497185111314472]","[-93.50445805979999, -45.64098662221919]","[96.312972885116, -181.15686806981643]","[-240.9307029898713, -67.46685324495925]","[236.53889949744988, -55.025604928107235]","[-80.91277107455578, 230.8066328966953]","[215.7049038992132, 223.09197106216016]","[-26.6488681017246, -36.35520689962338]","[-226.15395707512533, -183.66957281932292]","[92.20345924215778, 125.45692482312978]","[-31.579095088668694, 18.07071312230474]","[-146.97299144265355, 16.733692587563013]","[-48.152678897860376, 74.69494749866728]","[-182.89104406596326, -221.8325575530492]","[46.163211204739284, -71.44248303479038]","[-169.88015365258977, 163.5698871878284]","[-187.02068920054316, 26.681085820658158]","[-221.49539250982505, 113.74528929084833]","[19.44133702864677, 108.49438019548805]","[236.12371108795037, 46.42225698484104]","[19.943477376362708, -58.7189444465291]","[-190.2465878599089, 58.78987970621648]","[-126.07191756643802, -10.06047760512168]","[-3.216921004098422, 201.73043952063028]","[-162.47823087163258, 244.7574423104435]","[-207.24172097364382, -66.21550649887837]","[186.02427864844157, -96.55677607821751]","[-186.23091743727153, 249.9101599888109]","[-132.84865956894515, 19.4250783788138]","[-5.137348734659888, 88.13382969662185]","[27.61371687763093, 188.00083123040147]","[-183.44488313396317, -28.95233909458109]","[40.14499797752565, -42.61345461485238]","[-200.7089434793958, 236.11503201857997]","[222.19051070217515, 117.77707773147888]","[-219.53581987659547, -137.62037256736457]","[-33.376748284730176, 190.4988526478784]","[148.9404597222739, 15.173825473513697]","[10.709119192750148, -54.4430722573359]","[78.64974061060802, -130.1215174653038]","[-74.09770687257509, 154.99275450548956]","[169.4026496980912, 151.3337406812298]","[-242.05859412222017, 63.39869966224846]","[18.44288209778778, 209.91622129479816]","[-124.22973113156422, -62.84217115325124]","[-10.98480715925986, -89.45147793944324]","[-23.739040925300348, 216.598725721719]","[127.4925832896077, -234.78415582646687]","[71.70215156383104, 86.25515569962339]","[159.3017662702288, 139.58718298629344]","[-224.62583914945617, -33.931045390716974]"
"[-15.502536404530984, 246.09972691649574]","[-15.629148087728776, 216.2363434936847]","[167.36952291239743, 151.06208725227057]","[-226.49476272993763, -106.15332798465326]","[90.78476403763277, -198.37975950670133]","[-13.061893035888541, -118.46765987751745]","[146.93664676328854, -120.26623384219246]","[30.6804823217239, -7.337448298287505]","[101.1043029464777, 90.23022448851293]","[-110.21416279585955, 13.22233521654498]","[-214.2120722916528, 94.59885516966999]","[-240.0788591162176, 83.0240684218609]","[-180.03039960563405, 218.18410697973434]","[-192.39403615000623, 38.858849280765]","[156.9859563180228, -238.3423187544]","[-127.85332569365082, 18.090997393098284]","[59.033913496377274, -2.934861488608743]","[-10.909941410111237, 140.61155973459338]","[-238.0155031999096, 99.35817931191947]","[174.866194082084, 218.42896979327293]","[-26.99035216284421, 184.8472899192669]","[-155.05466880265413, 200.75929413750973]","[-212.6933966042481, 173.8973528928941]","[-223.1765363092355, 225.7441884778271]","[-112.83265256221935, 29.278219187811846]","[231.94480267103816, 37.26489817323812]","[142.3936494386893, 119.726155149612]","[-241.43886279482905, 113.47231866360866]","[-43.30006184306742, 105.18177219810839]","[5.753943628398188, -151.4836395428205]","[-188.05603514006845, -14.515766375679931]","[162.9460311867925, -249.55907235206607]","[79.12119256492272, 233.14547785657632]","[129.5775475905481, 70.3046696763072]","[108.07445167715572, 238.59891041928412]","[219.60311770704354, 249.3554928983682]","[204.43305906680357, -76.35891765155988]","[224.50533039222947, 56.617469532724485]","[-148.16012033633854, -167.4396036557413]","[70.4053722950421, -167.427908044688]","[-195.41488900483216, -168.04246802250483]","[49.03504658087253, 108.0368337997008]","[10.446774593304337, -177.7967219599549]","[-169.6784961067236, 3.3246860169245998]","[55.338617678633234, -120.3100616846508]","[-27.843801711854994, 112.56670258903704]","[-73.91480567463663, 53.215367140956864]","[-101.14784703757957, -155.7582307295949]","[-27.195491906395205, -118.03600545661547]","[-140.7472387342209, 197.27665428729176]","[233.00408417883904, 217.00922453964807]","[34.59634760444749, -213.01082845810348]","[-131.27386197325876, 191.77984285950225]","[200.7964146899898, 208.623761901219]","[207.41239192608447, -23.497185111314472]","[-93.50445805979999, -45.64098662221919]","[96.312972885116, -181.15686806981643]","[-240.9307029898713, -67.46685324495925]","[236.53889949744988, -55.025604928107235]","[-80.91277107455578, 230.8066328966953]","[215.7049038992132, 223.09197106216016]","[-26.6488681017246, -36.35520689962338]","[-226.15395707512533, -183.66957281932292]","[92.20345924215778, 125.45692482312978]","[-31.579095088668694, 18.07071312230474]","[-146.97299144265355, 16.733692587563013]","[-48.152678897860376, 74.69494749866728]","[-182.89104406596326, -221.8325575530492]","[46.163211204739284, -71.44248303479038]","[-169.88015365258977, 163.5698871878284]","[-187.02068920054316, 26.681085820658158]","[-221.49539250982505, 113.74528929084833]","[19.44133702864677, 108.49438019548805]","[236.12371108795037, 46.42225698484104]","[19.943477376362708, -58.7189444465291]","[-190.2465878599089, 58.78987970621648]","[-126.07191756643802, -10.06047760512168]","[-3.216921004098422, 201.73043952063028]","[-162.47823087163258, 244.7574423104435]","[-207.24172097364382, -66.21550649887837]","[186.02427864844157, -96.55677607821751]","[-186.23091743727153, 249.9101599888109]","[-132.84865956894515, 19.4250783788138]","[-5.137348734659888, 88.13382969662185]","[27.61371687763093, 188.00083123040147]","[-183.44488313396317, -28.95233909458109]","[40.14499797752565, -42.61345461485238]","[-200.7089434793958, 236.11503201857997]","[222.19051070217515, 117.77707773147888]","[-219.53581987659547, -137.62037256736457]","[-33.376748284730176, 190.4988526478784]","[148.9404597222739, 15.173825473513697]","[10.709119192750148, -54.4430722573359]","[78.64974061060802, -130.1215174653038]","[-74.09770687257509, 154.99275450548956]","[169.4026496980912, 151.3337406812298]","[-242.05859412222017, 63.39869966224846]","[18.44288209778778, 209.91622129479816]","[-124.22973113156422, -62.84217115325124]","[-10.98480715925986, -89.45147793944324]","[-95.07371949533638, 175.22427281132855]","[139.16815196619862, -183.16696424444302]","[9.686565447513031, 136.13565891898952]","[147.21620085131565, 57.85589425519527]","[-221.8004192979833, -94.01087510530566]"
"[-15.502536404530984, 246.09972691649574]","[-15.629148087728776, 216.2363434936847]","[167.36952291239743, 151.06208725227057]","[-226.49476272993763, -106.15332798465326]","[90.78476403763277, -198.37975950670133]","[-13.061893035888541, -118.46765987751745]","[146.93664676328854, -120.26623384219246]","[30.6804823217239, -7.337448298287505]","[101.1043029464777, 90.23022448851293]","[-110.21416279585955, 13.22233521654498]","[-214.2120722916528, 94.59885516966999]","[-240.0788591162176, 83.0240684218609]","[-180.03039960563405, 218.18410697973434]","[-192.39403615000623, 38.858849280765]","[156.9859563180228, -238.3423187544]","[-127.85332569365082, 18.090997393098284]","[59.42113761148322, -4.3913892954248]","[-9.434131821677529, 141.47432215908455]","[-239.93977267682573, 97.69342387437482]","[174.31743978070585, 216.69273670044777]","[-28.528071559986074, 185.37400452844128]","[-156.75118178747368, 201.8946244557797]","[-212.74673480457488, 173.35099542311673]","[-221.88242371763823, 226.80143374535226]","[-112.66593352854392, 28.29962066379737]","[233.94055672265648, 35.90065957117952]","[141.67992047600092, 121.4967622483782]","[-242.13742312769654, 112.53266037946824]","[-42.015451215611066, 103.81113929027057]","[4.196554676736511, -153.2900733538067]","[-187.75265322776602, -14.555440712270695]","[163.86495666269963, -251.06361637914807]","[78.36128430068601, 231.4949753961959]","[129.31428202059027, 69.86656734371545]","[106.77248642155232, 238.87574968230598]","[219.88028060758535, 249.9982231213196]","[202.69714053348076, -76.69421900937218]","[225.08266349932404, 54.741890266010984]","[-147.78782190067227, -166.16572701387526]","[68.74424708696841, -166.5377471250486]","[-193.98526508212694, -166.27650402423598]","[47.34543477940119, 109.80889793813932]","[8.711911100481593, -177.6272390337976]","[-168.19222657647157, 3.349661864380338]","[53.903126730835794, -118.71852796808548]","[-27.216401843536147, 111.45644894203988]","[-75.44671380345483, 55.00116461333816]","[-99.62075834816261, -154.7396330934099]","[-25.35606696809871, -118.19200604789367]","[-141.0769662207641, 197.00112817448172]","[234.54285988490358, 216.54839565808254]","[32.872989727866525, -214.93473833949605]","[-129.71512915149034, 189.9827500662113]","[200.47306197383517, 209.28712820131278]","[205.59796053578327, -21.84312242756943]","[-91.92787791055383, -43.92106251623605]","[96.26012464550953, -182.7843194598023]","[-241.6946032198614, -65.81045734072535]","[238.3495840741768, -54.95065146103856]","[-81.2906765418293, 229.63791235028725]","[214.14374266069115, 221.56058422078786]","[-24.775704109549565, -38.22868435344056]","[-226.6273383885965, -181.95184765157853]","[93.75757149155453, 125.10745750183207]","[-32.00825624933552, 18.53769105478972]","[-148.81706770747306, 18.328592017375552]","[-48.152678897860376, 74.69494749866728]","[-182.89104406596326, -221.8325575530492]","[46.163211204739284, -71.44248303479038]","[-169.88015365258977, 163.5698871878284]","[-187.02068920054316, 26.681085820658158]","[-221.49539250982505, 113.74528929084833]","[19.44133702864677, 108.49438019548805]","[236.12371108795037, 46.42225698484104]","[19.943477376362708, -58.7189444465291]","[-190.2465878599089, 58.78987970621648]","[-126.07191756643802, -10.06047760512168]","[-3.216921004098422, 201.73043952063028]","[-162.47823087163258, 244.7574423104435]","[-207.24172097364382, -66.21550649887837]","[186.02427864844157, -96.55677607821751]","[-186.23091743727153, 249.9101599888109]","[-132.84865956894515, 19.4250783788138]","[-5.137348734659888, 88.13382969662185]","[27.61371687763093, 188.00083123040147]","[-183.44488313396317, -28.95233909458109]","[40.14499797752565, -42.61345461485238]","[-200.7089434793958, 236.11503201857997]","[222.19051070217515, 117.77707773147888]","[-219.53581987659547, -137.62037256736457]","[-33.376748284730176, 190.4988526478784]","[148.9404597222739, 15.173825473513697]","[10.709119192750148, -54.4430722573359]","[78.64974061060802, -130.1215174653038]","[-74.09770687257509, 154.99275450548956]","[169.4026496980912, 151.3337406812298]","[-242.05859412222017, 63.39869966224846]","[18.44288209778778, 209.91622129479816]","[-124.22973113156422, -62.84217115325124]","[-10.98480715925986, -89.45147793944324]","[-193.39896284086126, 117.76755801553176]","[117.69487089719135, -119.79132528711324]","[-29.691943816477096, 183.15385138308247]","[97.26545334962194, 11.90891014054992]","[-225.8340892515408, -44.88050498250235]"
"[-15.502536404530984, 246.09972691649574]","[-15.629148087728776, 216.2363434936847]","[167.36952291239743, 151.06208725227057]","[-226.49476272993763, -106.15332798465326]","[90.78476403763277, -198.37975950670133]","[-13.061893035888541, -118.46765987751745]","[146.93664676328854, -120.26623384219246]","[30.6804823217239, -7.337448298287505]","[101.1043029464777, 90.23022448851293]","[-110.21416279585955, 13.22233521654498]","[-214.2120722916528, 94.59885516966999]","[-240.0788591162176, 83.0240684218609]","[-180.03039960563405, 218.18410697973434]","[-192.39403615000623, 38.858849280765]","[156.9859563180228, -238.3423187544]","[-127.85332569365082, 18.090997393098284]","[59.42113761148322, -4.3913892954248]","[-9.434131821677529, 141.47432215908455]","[-239.93977267682573, 97.69342387437482]","[174.31743978070585, 216.69273670044777]","[-28.528071559986074, 185.37400452844128]","[-156.75118178747368, 201.8946244557797]","[-212.74673480457488, 173.35099542311673]","[-221.88242371763823, 226.80143374535226]","[-112.66593352854392, 28.29962066379737]","[233.94055672265648, 35.90065957117952]","[141.67992047600092, 121.4967622483782]","[-242.13742312769654, 112.53266037946824]","[-42.015451215611066, 103.81113929027057]","[4.196554676736511, -153.2900733538067]","[-187.75265322776602, -14.555440712270695]","[163.86495666269963, -251.06361637914807]","[78.36128430068601, 231.4949753961959]","[129.31428202059027, 69.86656734371545]","[106.77248642155232, 238.87574968230598]","[219.88028060758535, 249.9982231213196]","[202.69714053348076, -76.69421900937218]","[225.08266349932404, 54.741890266010984]","[-147.78782190067227, -166.16572701387526]","[68.74424708696841, -166.5377471250486]","[-193.98526508212694, -166.27650402423598]","[50.46613981025254, 105.27802648687509]","[8.711911100481593, -177.6272390337976]","[-168.19222657647157, 3.349661864380338]","[53.903126730835794, -118.71852796808548]","[-27.216401843536147, 111.45644894203988]","[-75.44671380345483, 55.00116461333816]","[-99.62075834816261, -154.7396330934099]","[-25.35606696809871, -118.19200604789367]","[-141.0769662207641, 197.00112817448172]","[234.54285988490358, 216.54839565808254]","[32.872989727866525, -214.93473833949605]","[-129.71512915149034, 189.9827500662113]","[200.47306197383517, 209.28712820131278]","[205.59796053578327, -21.84312242756943]","[-91.92787791055383, -43.92106251623605]","[96.26012464550953, -182.7843194598023]","[-241.6946032198614, -65.81045734072535]","[238.3495840741768, -54.95065146103856]","[-81.2906765418293, 229.63791235028725]","[214.14374266069115, 221.56058422078786]","[-24.775704109549565, -38.22868435344056]","[-226.6273383885965, -181.95184765157853]","[93.75757149155453, 125.10745750183207]","[-32.00825624933552, 18.53769105478972]","[-148.81706770747306, 18.328592017375552]","[-47.318269582311174, 72.90225115241091]","[-181.49804745565274, -219.8966004417453]","[46.53377119693402, -70.45104288665544]","[-171.1017039335582, 162.84449389458445]","[-188.94535760058494, 26.348861653016478]","[-222.64046690423257, 114.95460874468954]","[20.93682449238883, 110.30164021052559]","[234.16494811726716, 45.07012290675189]","[18.631437174544455, -59.00501709626211]","[-191.5732484645173, 59.0044858374639]","[-125.15437276385632, -8.834360497823347]","[-5.079761081336763, 200.94047332990954]","[-164.00999943359628, 243.06644752054248]","[-205.49108412546258, -67.07823776802286]","[187.4876846983217, -96.8303742380804]","[-184.7102187786001, 251.82632614179636]","[-131.22163338194093, 17.688545946414862]","[-5.309205391052431, 86.29540891289192]","[25.968618175910237, 186.23166440197082]","[-185.0819156747362, -29.288058970601867]","[39.54076705271993, -44.04525881599487]","[-199.45578528550317, 236.97003448154766]","[221.974396140804, 117.60608371082341]","[-217.96165217479512, -135.745016611008]","[-32.94419046047865, 190.38337977463829]","[148.08972585475652, 14.187196663783983]","[9.994436053730928, -53.55407781559251]","[80.31510527296248, -131.43855727032718]","[-74.25906893969625, 154.14604331360414]","[167.5980174309559, 152.94270367690623]","[-241.75540905469865, 64.19859963626757]","[19.09233456684838, 210.75593062516725]","[-124.7858642955307, -61.906953549655185]","[-11.675946171510619, -89.10159162709272]","[-253.77449895335315, 83.31465820036937]","[12.873234926107475, -109.98910659954902]","[18.598779671849076, 129.85310305153112]","[38.68935301807362, -8.900506469079241]","[-228.29961463081736, 57.30005145963778]"
"[-17.46700329056891, 246.03542169624544]","[-14.927583231676426, 216.4363022269898]","[168.23809739396674, 149.7936993904642]","[-225.88724578207604, -105.23570855498564]","[89.38475058022745, -196.84928396187453]","[-13.352028252737723, -117.07249272591156]","[146.71783581780915, -119.78525054520621]","[29.833954630247575, -8.19995590891613]","[100.1117531569404, 88.74666909483528]","[-111.22946013842095, 12.738216303441051]","[-215.1078736925927, 94.40074677255097]","[-240.0788591162176, 83.0240684218609]","[-180.03039960563405, 218.18410697973434]","[-192.39403615000623, 38.858849280765]","[156.9859563180228, -238.3423187544]","[-127.85332569365082, 18.090997393098284]","[59.42113761148322, -4.3913892954248]","[-9.434131821677529, 141.47432215908455]","[-239.93977267682573, 97.69342387437482]","[174.31743978070585, 216.69273670044777]","[-28.528071559986074, 185.37400452844128]","[-156.75118178747368, 201.8946244557797]","[-212.74673480457488, 173.35099542311673]","[-221.88242371763823, 226.80143374535226]","[-112.66593352854392, 28.29962066379737]","[233.94055672265648, 35.90065957117952]","[141.67992047600092, 121.4967622483782]","[-242.13742312769654, 112.53266037946824]","[-42.015451215611066, 103.81113929027057]","[4.196554676736511, -153.2900733538067]","[-187.75265322776602, -14.555440712270695]","[163.86495666269963, -251.06361637914807]","[78.36128430068601, 231.4949753961959]","[129.31428202059027, 69.86656734371545]","[106.77248642155232, 238.87574968230598]","[219.88028060758535, 249.9982231213196]","[202.69714053348076, -76.69421900937218]","[225.08266349932404, 54.741890266010984]","[-147.78782190067227, -166.16572701387526]","[68.74424708696841, -166.5377471250486]","[-193.98526508212694, -166.27650402423598]","[67.39833782256959, 78.78296274263211]","[8.711911100481593, -177.6272390337976]","[-168.19222657647157, 3.349661864380338]","[53.903126730835794, -118.71852796808548]","[-27.216401843536147, 111.45644894203988]","[-75.44671380345483, 55.00116461333816]","[-99.62075834816261, -154.7396330934099]","[-25.35606696809871, -118.19200604789367]","[-141.0769662207641, 197.00112817448172]","[234.54285988490358, 216.54839565808254]","[32.872989727866525, -214.93473833949605]","[-129.71512915149034, 189.9827500662113]","[200.47306197383517, 209.28712820131278]","[205.59796053578327, -21.84312242756943]","[-91.92787791055383, -43.92106251623605]","[96.26012464550953, -182.7843194598023]","[-241.6946032198614, -65.81045734072535]","[238.3495840741768, -54.95065146103856]","[-81.2906765418293, 229.63791235028725]","[214.14374266069115, 221.56058422078786]","[-24.775704109549565, -38.22868435344056]","[-226.6273383885965, -181.95184765157853]","[93.75757149155453, 125.10745750183207]","[-32.00825624933552, 18.53769105478972]","[-148.81706770747306, 18.328592017375552]","[-47.318269582311174, 72.90225115241091]","[-181.49804745565274, -219.8966004417453]","[46.53377119693402, -70.45104288665544]","[-171.1017039335582, 162.84449389458445]","[-188.94535760058494, 26.348861653016478]","[-222.64046690423257, 114.95460874468954]","[20.93682449238883, 110.30164021052559]","[234.16494811726716, 45.07012290675189]","[18.631437174544455, -59.00501709626211]","[-191.5732484645173, 59.0044858374639]","[-125.15437276385632, -8.834360497823347]","[-5.079761081336763, 200.94047332990954]","[-164.00999943359628, 243.06644752054248]","[-205.49108412546258, -67.07823776802286]","[187.4876846983217, -96.8303742380804]","[-184.7102187786001, 251.82632614179636]","[-131.22163338194093, 17.688545946414862]","[-5.309205391052431, 86.29540891289192]","[25.968618175910237, 186.23166440197082]","[-185.0819156747362, -29.288058970601867]","[39.54076705271993, -44.04525881599487]","[-199.45578528550317, 236.97003448154766]","[221.974396140804, 117.60608371082341]","[-217.96165217479512, -135.745016611008]","[-32.94419046047865, 190.38337977463829]","[148.08972585475652, 14.187196663783983]","[9.994436053730928, -53.55407781559251]","[80.31510527296248, -131.43855727032718]","[-74.25906893969625, 154.14604331360414]","[167.5980174309559, 152.94270367690623]","[-241.75540905469865, 64.19859963626757]","[19.09233456684838, 210.75593062516725]","[-124.7858642955307, -61.906953549655185]","[-11.675946171510619, -89.10159162709272]","[-165.9731762882069, 131.4188876982811]","[38.17765301907399, -110.57251364097495]","[89.20296229453291, 84.2323040587593]","[75.76047984268016, 55.148640529256184]","[-211.39116445654943, 85.78644424643083]"
"[-17.46700329056891, 246.03542169624544]","[-14.927583231676426, 216.4363022269898]","[168.23809739396674, 149.7936993904642]","[-225.88724578207604, -105.23570855498564]","[89.38475058022745, -196.84928396187453]","[-13.352028252737723, -117.07249272591156]","[146.71783581780915, -119.78525054520621]","[29.833954630247575, -8.19995590891613]","[114.40725433245568, 99.7668668478477]","[-111.22946013842095, 12.738216303441051]","[-215.1078736925927, 94.40074677255097]","[-238.84857389527198, 82.02578759485097]","[-179.03257100603648, 217.55440033542965]","[-193.8878478463838, 36.952681625855035]","[158.6919051303695, -239.23066351097364]","[-126.1951188934932, 17.75316887927694]","[59.80836172658916, -5.847917102240858]","[-7.958322233243819, 142.33708458357572]","[-241.86404215374185, 96.02866843683016]","[173.7686854793277, 214.9565036076226]","[-30.065790957127938, 185.90071913761565]","[-158.44769477229323, 203.02995477404968]","[-212.80007300490166, 172.80463795333935]","[-220.58831112604096, 227.85867901287742]","[-112.49921449486848, 27.321022139782894]","[235.9363107742748, 34.53642096912091]","[140.96619151331254, 123.26736934714441]","[-242.83598346056402, 111.59300209532782]","[-40.73084058815471, 102.44050638243276]","[2.6391657250748337, -155.09650716479288]","[-187.4492713154636, -14.595115048861459]","[164.78388213860674, -249.55907235206607]","[77.6013760364493, 229.8444729358155]","[129.05101645063243, 69.42846501112369]","[105.47052116594891, 239.15258894532784]","[220.15744350812716, 250.640953344271]","[200.96122200015796, -77.02952036718447]","[225.65999660641862, 52.86631099929748]","[-147.415523465006, -164.8918503720092]","[67.08312187889473, -165.64758620540923]","[-192.55564115942173, -164.51054002596712]","[40.990605987969424, 65.66329715678998]","[6.97704760765885, -177.45775610764028]","[-166.70595704621954, 3.3746377118360766]","[52.467635783038354, -117.12699425152016]","[-26.5890019752173, 110.34619529504273]","[-76.97862193227303, 56.78696208571946]","[-98.09366965874565, -153.7210354572249]","[-23.516642029802213, -118.34800663917187]","[-141.40669370730728, 196.72560206167168]","[236.08163559096812, 216.087566776517]","[31.14963185128556, -216.85864822088863]","[-128.15639632972193, 188.18565727292037]","[200.14970925768054, 209.95049450140655]","[203.78352914548208, -20.189059743824387]","[-90.35129776130768, -42.20113841025291]","[96.20727640590307, -184.41177084978818]","[-242.4585034498515, -64.15406143649145]","[238.3495840741768, -54.95065146103856]","[-81.2906765418293, 229.63791235028725]","[214.14374266069115, 221.56058422078786]","[-24.775704109549565, -38.22868435344056]","[-226.6273383885965, -181.95184765157853]","[93.75757149155453, 125.10745750183207]","[-32.00825624933552, 18.53769105478972]","[-148.81706770747306, 18.328592017375552]","[-47.318269582311174, 72.90225115241091]","[-181.49804745565274, -219.8966004417453]","[46.53377119693402, -70.45104288665544]","[-171.1017039335582, 162.84449389458445]","[-188.94535760058494, 26.348861653016478]","[-222.64046690423257, 114.95460874468954]","[20.93682449238883, 110.30164021052559]","[234.16494811726716, 45.07012290675189]","[18.631437174544455, -59.00501709626211]","[-191.5732484645173, 59.0044858374639]","[-125.15437276385632, -8.834360497823347]","[-5.079761081336763, 200.94047332990954]","[-164.00999943359628, 243.06644752054248]","[-205.49108412546258, -67.07823776802286]","[187.4876846983217, -96.8303742380804]","[-184.7102187786001, 251.82632614179636]","[-131.22163338194093, 17.688545946414862]","[-5.309205391052431, 86.29540891289192]","[25.968618175910237, 186.23166440197082]","[-185.0819156747362, -29.288058970601867]","[39.54076705271993, -44.04525881599487]","[-199.45578528550317, 236.97003448154766]","[221.974396140804, 117.60608371082341]","[-217.96165217479512, -135.745016611008]","[-32.94419046047865, 190.38337977463829]","[148.08972585475652, 14.187196663783983]","[9.994436053730928, -53.55407781559251]","[80.31510527296248, -131.43855727032718]","[-74.25906893969625, 154.14604331360414]","[167.5980174309559, 152.94270367690623]","[-241.75540905469865, 64.19859963626757]","[19.09233456684838, 210.75593062516725]","[-124.7858642955307, -61.906953549655185]","[-11.675946171510619, -89.10159162709272]","[-92.65924725495587, 171.59384859769116]","[122.12933707440475, -115.18832841031036]","[22.07139074234823, 73.80257983496337]","[122.39949183830679, 125.50077601878075]","[-143.72211843608946, 35.52246552790922]"
"[-17.46700329056891, 246.03542169624544]","[-14.927583231676426, 216.4363022269898]","[168.23809739396674, 149.7936993904642]","[-225.88724578207604, -105.23570855498564]","[89.38475058022745, -196.84928396187453]","[-13.352028252737723, -117.07249272591156]","[146.71783581780915, -119.78525054520621]","[29.833954630247575, -8.19995590891613]","[138.42480893534284, 118.72244503311413]","[-111.22946013842095, 12.738216303441051]","[-215.1078736925927, 94.40074677255097]","[-238.84857389527198, 82.02578759485097]","[-179.03257100603648, 217.55440033542965]","[-193.8878478463838, 36.952681625855035]","[158.6919051303695, -239.23066351097364]","[-126.1951188934932, 17.75316887927694]","[59.80836172658916, -5.847917102240858]","[-7.958322233243819, 142.33708458357572]","[-241.86404215374185, 96.02866843683016]","[173.7686854793277, 214.9565036076226]","[-30.065790957127938, 185.90071913761565]","[-158.44769477229323, 203.02995477404968]","[-212.80007300490166, 172.80463795333935]","[-220.58831112604096, 227.85867901287742]","[-112.49921449486848, 27.321022139782894]","[235.9363107742748, 34.53642096912091]","[140.96619151331254, 123.26736934714441]","[-242.83598346056402, 111.59300209532782]","[-40.73084058815471, 102.44050638243276]","[2.6391657250748337, -155.09650716479288]","[-187.4492713154636, -14.595115048861459]","[164.78388213860674, -249.55907235206607]","[77.6013760364493, 229.8444729358155]","[129.05101645063243, 69.42846501112369]","[105.47052116594891, 239.15258894532784]","[220.15744350812716, 250.640953344271]","[200.96122200015796, -77.02952036718447]","[225.65999660641862, 52.86631099929748]","[-147.415523465006, -164.8918503720092]","[67.08312187889473, -165.64758620540923]","[-192.55564115942173, -164.51054002596712]","[40.990605987969424, 65.66329715678998]","[6.97704760765885, -177.45775610764028]","[-166.70595704621954, 3.3746377118360766]","[52.467635783038354, -117.12699425152016]","[-26.5890019752173, 110.34619529504273]","[-76.97862193227303, 56.78696208571946]","[-98.09366965874565, -153.7210354572249]","[-23.516642029802213, -118.34800663917187]","[-141.40669370730728, 196.72560206167168]","[236.08163559096812, 216.087566776517]","[31.14963185128556, -216.85864822088863]","[-128.15639632972193, 188.18565727292037]","[200.14970925768054, 209.95049450140655]","[203.78352914548208, -20.189059743824387]","[-90.35129776130768, -42.20113841025291]","[96.20727640590307, -184.41177084978818]","[-242.4585034498515, -64.15406143649145]","[240.1602686509037, -54.87569799396989]","[-81.66858200910282, 228.4691918038792]","[212.58258142216908, 220.02919737941556]","[-22.90254011737453, -40.102161807257744]","[-227.1007197020677, -180.23412248383414]","[95.31168374095128, 124.75799018053436]","[-32.43741741000234, 19.004668987274698]","[-150.66114397229256, 19.92349144718809]","[-46.48386026676197, 71.10955480615455]","[-180.10505084534222, -217.9606433304414]","[46.904331189128754, -69.4596027385205]","[-172.32325421452666, 162.11910060134048]","[-190.87002600062672, 26.016637485374797]","[-223.78554129864008, 116.16392819853074]","[22.43231195613089, 112.10890022556313]","[232.20618514658395, 43.71798882866274]","[17.319396972726203, -59.291089745995116]","[-192.89990906912567, 59.219091968711325]","[-124.23682796127461, -7.608243390525015]","[-6.942601158575103, 200.1505071391888]","[-165.54176799555998, 241.37545273064146]","[-203.74044727728133, -67.94096903716735]","[188.9510907482018, -97.10397239794328]","[-183.1895201199287, 249.9101599888109]","[-129.5946071949367, 15.952013514015924]","[-5.481062047444974, 84.45698812916199]","[24.323519474189542, 184.46249757354016]","[-186.71894821550922, -29.623778846622642]","[38.93653612791421, -45.47706301713736]","[-198.20262709161054, 237.82503694451535]","[221.75828157943286, 117.43508969016794]","[-216.38748447299477, -133.86966065465143]","[-32.51163263622713, 190.26790690139816]","[147.23899198723913, 13.200567854054269]","[9.279752914711707, -52.665083373849114]","[81.98046993531695, -132.75559707535055]","[-74.42043100681741, 153.29933212171872]","[165.64601501583, 153.03744707416777]","[-241.45222398717712, 64.99849961028669]","[19.741787035908978, 211.59563995553634]","[-125.34199745949718, -60.97173594605913]","[-12.367085183761377, -88.7517053147422]","[-15.679621770009987, 213.76314069007432]","[141.84871289252325, -164.19162314055092]","[-71.84006717295735, 61.16035392035509]","[164.87210733274165, 188.628979826259]","[-120.35884529591479, 16.291355596588765]"
"[-19.43147017660684, 245.97111647599513]","[-14.226018375624076, 216.6362609602949]","[167.40428784840256, 149.02268785372954]","[-225.88724578207604, -105.23570855498564]","[89.38475058022745, -196.84928396187453]","[-13.352028252737723, -117.07249272591156]","[146.71783581780915, -119.78525054520621]","[29.833954630247575, -8.19995590891613]","[164.74095769221717, 139.6355428477564]","[-111.22946013842095, 12.738216303441051]","[-215.1078736925927, 94.40074677255097]","[-238.84857389527198, 82.02578759485097]","[-179.03257100603648, 217.55440033542965]","[-193.8878478463838, 36.952681625855035]","[158.6919051303695, -239.23066351097364]","[-126.1951188934932, 17.75316887927694]","[59.80836172658916, -5.847917102240858]","[-7.958322233243819, 142.33708458357572]","[-241.86404215374185, 96.02866843683016]","[173.7686854793277, 214.9565036076226]","[-30.065790957127938, 185.90071913761565]","[-158.44769477229323, 203.02995477404968]","[-212.80007300490166, 172.80463795333935]","[-220.58831112604096, 227.85867901287742]","[-112.49921449486848, 27.321022139782894]","[235.9363107742748, 34.53642096912091]","[140.96619151331254, 123.26736934714441]","[-242.83598346056402, 111.59300209532782]","[-40.73084058815471, 102.44050638243276]","[2.6391657250748337, -155.09650716479288]","[-187.4492713154636, -14.595115048861459]","[164.78388213860674, -249.55907235206607]","[77.6013760364493, 229.8444729358155]","[129.05101645063243, 69.42846501112369]","[105.47052116594891, 239.15258894532784]","[220.15744350812716, 250.640953344271]","[200.96122200015796, -77.02952036718447]","[225.65999660641862, 52.86631099929748]","[-147.415523465006, -164.8918503720092]","[67.08312187889473, -165.64758620540923]","[-192.55564115942173, -164.51054002596712]","[40.990605987969424, 65.66329715678998]","[6.97704760765885, -177.45775610764028]","[-166.70595704621954, 3.3746377118360766]","[52.467635783038354, -117.12699425152016]","[-26.5890019752173, 110.34619529504273]","[-76.97862193227303, 56.78696208571946]","[-98.09366965874565, -153.7210354572249]","[-23.516642029802213, -118.34800663917187]","[-141.40669370730728, 196.72560206167168]","[236.08163559096812, 216.087566776517]","[31.14963185128556, -216.85864822088863]","[-128.15639632972193, 188.18565727292037]","[200.14970925768054, 209.95049450140655]","[203.78352914548208, -20.189059743824387]","[-90.35129776130768, -42.20113841025291]","[96.20727640590307, -184.41177084978818]","[-242.4585034498515, -64.15406143649145]","[240.1602686509037, -54.87569799396989]","[-103.50886741272194, 225.59367567100372]","[212.58258142216908, 220.02919737941556]","[-22.90254011737453, -40.102161807257744]","[-227.1007197020677, -180.23412248383414]","[95.31168374095128, 124.75799018053436]","[-32.43741741000234, 19.004668987274698]","[-150.66114397229256, 19.92349144718809]","[-46.48386026676197, 71.10955480615455]","[-180.10505084534222, -217.9606433304414]","[46.904331189128754, -69.4596027385205]","[-172.32325421452666, 162.11910060134048]","[-190.87002600062672, 26.016637485374797]","[-223.78554129864008, 116.16392819853074]","[22.43231195613089, 112.10890022556313]","[232.20618514658395, 43.71798882866274]","[17.319396972726203, -59.291089745995116]","[-192.89990906912567, 59.219091968711325]","[-124.23682796127461, -7.608243390525015]","[-6.942601158575103, 200.1505071391888]","[-165.54176799555998, 241.37545273064146]","[-203.74044727728133, -67.94096903716735]","[188.9510907482018, -97.10397239794328]","[-183.1895201199287, 249.9101599888109]","[-129.5946071949367, 15.952013514015924]","[-5.481062047444974, 84.45698812916199]","[24.323519474189542, 184.46249757354016]","[-186.71894821550922, -29.623778846622642]","[38.93653612791421, -45.47706301713736]","[-198.20262709161054, 237.82503694451535]","[221.75828157943286, 117.43508969016794]","[-216.38748447299477, -133.86966065465143]","[-32.51163263622713, 190.26790690139816]","[147.23899198723913, 13.200567854054269]","[9.279752914711707, -52.665083373849114]","[81.98046993531695, -132.75559707535055]","[-74.42043100681741, 153.29933212171872]","[165.64601501583, 153.03744707416777]","[-241.45222398717712, 64.99849961028669]","[19.741787035908978, 211.59563995553634]","[-125.34199745949718, -60.97173594605913]","[-12.367085183761377, -88.7517053147422]","[-39.701169779225104, 237.47642347877192]","[142.49442474798454, -236.7907102042155]","[-163.86936372611157, 50.1985066297751]","[170.84488054494557, 181.88273636234774]","[-197.63470421432618, 75.75437935139686]"
"[-19.43147017660684, 245.97111647599513]","[-14.226018375624076, 216.6362609602949]","[168.2997117292184, 147.884212994277]","[-225.27972883421444, -104.31808912531801]","[87.98473712282212, -195.31880841704773]","[-13.642163469586905, -115.67732557430567]","[146.49902487232976, -119.30426724821996]","[28.98742693877125, -9.062463519544753]","[168.1502908250952, 141.58948664195447]","[-112.24475748098234, 12.254097390337122]","[-216.00367509353262, 94.20263837543196]","[-237.61828867432638, 81.02750676784103]","[-178.0347424064389, 216.92469369112496]","[-195.38165954276138, 35.04651397094507]","[160.39785394271618, -240.1190082675473]","[-124.53691209333559, 17.4153403654556]","[60.195585841695106, -7.304444909056915]","[-6.482512644810109, 143.19984700806688]","[-243.78831163065797, 94.3639129992855]","[173.21993117794955, 213.22027051479745]","[-31.6035103542698, 186.42743374679003]","[-160.14420775711278, 204.16528509231966]","[-212.85341120522844, 172.25828048356198]","[-219.2941985344437, 228.91592428040258]","[-112.33249546119305, 26.342423615768418]","[237.93206482589312, 33.172182367062305]","[140.25246255062416, 125.03797644591062]","[-243.5345437934315, 110.6533438111874]","[-39.44622996069836, 101.06987347459494]","[1.0817767734131563, -156.90294097577907]","[-187.14588940316116, -14.634789385452223]","[165.70280761451386, -248.05452832498406]","[76.84146777221258, 228.1939704754351]","[128.7877508806746, 68.99036267853194]","[104.1685559103455, 239.4294282083497]","[220.43460640866897, 249.9982231213196]","[199.22530346683516, -77.36482172499677]","[226.2373297135132, 50.99073173258398]","[-147.04322502933974, -163.61797373014315]","[65.42199667082104, -164.75742528576984]","[-191.1260172367165, -162.74457602769826]","[39.30099418649808, 67.4353612952285]","[5.242184114836107, -177.28827318148296]","[-165.2196875159675, 3.399613559291815]","[51.03214483524091, -115.53546053495484]","[-25.961602106898454, 109.23594164804558]","[-78.51053006109123, 58.572759558100756]","[-98.09366965874565, -153.7210354572249]","[-23.516642029802213, -118.34800663917187]","[-141.40669370730728, 196.72560206167168]","[236.08163559096812, 216.087566776517]","[31.14963185128556, -216.85864822088863]","[-128.15639632972193, 188.18565727292037]","[200.14970925768054, 209.95049450140655]","[203.78352914548208, -20.189059743824387]","[-90.35129776130768, -42.20113841025291]","[96.20727640590307, -184.41177084978818]","[-242.4585034498515, -64.15406143649145]","[240.1602686509037, -54.87569799396989]","[-172.4029813019584, 219.05052621637458]","[212.58258142216908, 220.02919737941556]","[-22.90254011737453, -40.102161807257744]","[-227.1007197020677, -180.23412248383414]","[95.31168374095128, 124.75799018053436]","[-32.43741741000234, 19.004668987274698]","[-150.66114397229256, 19.92349144718809]","[-46.48386026676197, 71.10955480615455]","[-180.10505084534222, -217.9606433304414]","[46.904331189128754, -69.4596027385205]","[-172.32325421452666, 162.11910060134048]","[-190.87002600062672, 26.016637485374797]","[-223.78554129864008, 116.16392819853074]","[22.43231195613089, 112.10890022556313]","[232.20618514658395, 43.71798882866274]","[17.319396972726203, -59.291089745995116]","[-192.89990906912567, 59.219091968711325]","[-124.23682796127461, -7.608243390525015]","[-6.942601158575103, 200.1505071391888]","[-165.54176799555998, 241.37545273064146]","[-203.74044727728133, -67.94096903716735]","[188.9510907482018, -97.10397239794328]","[-183.1895201199287, 249.9101599888109]","[-129.5946071949367, 15.952013514015924]","[-5.481062047444974, 84.45698812916199]","[24.323519474189542, 184.46249757354016]","[-186.71894821550922, -29.623778846622642]","[38.93653612791421, -45.47706301713736]","[-198.20262709161054, 237.82503694451535]","[221.75828157943286, 117.43508969016794]","[-216.38748447299477, -133.86966065465143]","[-32.51163263622713, 190.26790690139816]","[147.23899198723913, 13.200567854054269]","[9.279752914711707, -52.665083373849114]","[81.98046993531695, -132.75559707535055]","[-74.42043100681741, 153.29933212171872]","[165.64601501583, 153.03744707416777]","[-241.45222398717712, 64.99849961028669]","[19.741787035908978, 211.59563995553634]","[-125.34199745949718, -60.97173594605913]","[-12.367085183761377, -88.7517053147422]","[-157.9971636020745, 215.1204643203896]","[26.26979723287922, -196.81498944069696]","[-120.52824869666611, 78.12140132336877]","[128.6871253593975, 140.9748095668643]","[-230.43394374935167, 53.420745463193484]"
"[-19.43147017660684, 245.97111647599513]","[-14.226018375624076, 216.6362609602949]","[168.2997117292184, 147.884212994277]","[-225.27972883421444, -104.31808912531801]","[87.98473712282212, -195.31880841704773]","[-13.642163469586905, -115.67732557430567]","[146.49902487232976, -119.30426724821996]","[28.98742693877125, -9.062463519544753]","[168.1502908250952, 141.58948664195447]","[-112.24475748098234, 12.254097390337122]","[-216.00367509353262, 94.20263837543196]","[-237.61828867432638, 81.02750676784103]","[-180.46808175591553, 215.36914157123775]","[-195.38165954276138, 35.04651397094507]","[160.39785394271618, -240.1190082675473]","[-124.53691209333559, 17.4153403654556]","[60.195585841695106, -7.304444909056915]","[0.7621070315851556, 147.17990248737632]","[-243.78831163065797, 94.3639129992855]","[173.21993117794955, 213.22027051479745]","[-31.6035103542698, 186.42743374679003]","[-160.14420775711278, 204.16528509231966]","[-212.85341120522844, 172.25828048356198]","[-219.2941985344437, 228.91592428040258]","[-112.33249546119305, 26.342423615768418]","[237.93206482589312, 33.172182367062305]","[140.25246255062416, 125.03797644591062]","[-243.5345437934315, 110.6533438111874]","[-39.44622996069836, 101.06987347459494]","[1.0817767734131563, -156.90294097577907]","[-187.14588940316116, -14.634789385452223]","[165.70280761451386, -248.05452832498406]","[76.84146777221258, 228.1939704754351]","[128.7877508806746, 68.99036267853194]","[104.1685559103455, 239.4294282083497]","[220.43460640866897, 249.9982231213196]","[199.22530346683516, -77.36482172499677]","[226.2373297135132, 50.99073173258398]","[-147.04322502933974, -163.61797373014315]","[65.42199667082104, -164.75742528576984]","[-191.1260172367165, -162.74457602769826]","[39.30099418649808, 67.4353612952285]","[5.242184114836107, -177.28827318148296]","[-165.2196875159675, 3.399613559291815]","[51.03214483524091, -115.53546053495484]","[-25.961602106898454, 109.23594164804558]","[-78.51053006109123, 58.572759558100756]","[-96.5665809693287, -152.7024378210399]","[-21.677217091505717, -118.50400723045007]","[-141.73642119385048, 196.45007594886164]","[237.62041129703266, 215.62673789495148]","[29.426273974704593, -218.7825581022812]","[-126.5976635079535, 186.38856447962942]","[199.8263565415259, 210.61386080150032]","[201.96909775518088, -18.534997060079345]","[-88.77471761206152, -40.48121430426977]","[96.15442816629661, -186.03922223977406]","[-243.2224036798416, -62.49766553225754]","[241.97095322763062, -54.80074452690121]","[-184.88573513366325, 220.37170714448084]","[211.02142018364702, 218.49781053804327]","[-21.029376125199498, -41.975639261074924]","[-227.57410101553887, -178.51639731608975]","[96.86579599034803, 124.40852285923665]","[-32.86657857066916, 19.471646919759678]","[-152.50522023711207, 21.51839087700063]","[-45.64945095121277, 69.31685845989819]","[-178.7120542350317, -216.0246862191375]","[47.27489118132349, -68.46816259038556]","[-173.5448044954951, 161.3937073080965]","[-192.7946944006685, 25.684413317733117]","[-224.9306156930476, 117.37324765237194]","[23.927799419872947, 113.91616024060068]","[230.24742217590074, 42.36585475057359]","[16.00735677090795, -59.577162395728124]","[-194.22656967373405, 59.43369809995875]","[-123.31928315869291, -6.3821262832266825]","[-8.805441235813444, 199.36054094846804]","[-167.07353655752368, 239.68445794074043]","[-201.9898104291001, -68.80370030631184]","[190.41449679808193, -97.37757055780617]","[-181.66882146125727, 247.99399383582545]","[-127.9675810079325, 14.215481081616986]","[-5.652918703837517, 82.61856734543206]","[22.678420772468847, 182.6933307451095]","[-188.35598075628224, -29.959498722643417]","[38.33230520310849, -46.90886721827985]","[-196.9494688977179, 238.68003940748304]","[221.54216701806172, 117.26409566951247]","[-214.81331677119442, -131.99430469829485]","[-32.0790748119756, 190.15243402815804]","[146.38825811972174, 12.213939044324555]","[9.279752914711707, -52.665083373849114]","[81.98046993531695, -132.75559707535055]","[-74.42043100681741, 153.29933212171872]","[165.64601501583, 153.03744707416777]","[-241.45222398717712, 64.99849961028669]","[19.741787035908978, 211.59563995553634]","[-125.34199745949718, -60.97173594605913]","[-12.367085183761377, -88.7517053147422]","[-194.53577426996412, 183.40704744139316]","[-7.594110676515259, -128.42996937213618]","[-9.2835862699626, 141.93033046636432]","[56.575989280562965, 35.88542043815761]","[-221.22225374424409, -73.74741074341433]"
"[-19.43147017660684, 245.97111647599513]","[-14.226018375624076, 216.6362609602949]","[168.2997117292184, 147.884212994277]","[-225.27972883421444, -104.31808912531801]","[87.98473712282212, -195.31880841704773]","[-20.183290229489515, -100.91641918318322]","[146.49902487232976, -119.30426724821996]","[28.98742693877125, -9.062463519544753]","[168.1502908250952, 141.58948664195447]","[-112.24475748098234, 12.254097390337122]","[-216.00367509353262, 94.20263837543196]","[-237.61828867432638, 81.02750676784103]","[-186.03844375083798, 211.85074314180295]","[-195.38165954276138, 35.04651397094507]","[160.39785394271618, -240.1190082675473]","[-124.53691209333559, 17.4153403654556]","[60.195585841695106, -7.304444909056915]","[31.04097216208184, 170.64131516578908]","[-242.6401583045278, 96.43294267647912]","[173.21993117794955, 213.22027051479745]","[-31.6035103542698, 186.42743374679003]","[-160.14420775711278, 204.16528509231966]","[-212.85341120522844, 172.25828048356198]","[-219.2941985344437, 228.91592428040258]","[-112.33249546119305, 26.342423615768418]","[237.93206482589312, 33.172182367062305]","[140.25246255062416, 125.03797644591062]","[-243.5345437934315, 110.6533438111874]","[-39.44622996069836, 101.06987347459494]","[1.0817767734131563, -156.90294097577907]","[-187.14588940316116, -14.634789385452223]","[165.70280761451386, -248.05452832498406]","[76.84146777221258, 228.1939704754351]","[128.7877508806746, 68.99036267853194]","[104.1685559103455, 239.4294282083497]","[220.43460640866897, 249.9982231213196]","[199.22530346683516, -77.36482172499677]","[226.2373297135132, 50.99073173258398]","[-147.04322502933974, -163.61797373014315]","[65.42199667082104, -164.75742528576984]","[-191.1260172367165, -162.74457602769826]","[39.30099418649808, 67.4353612952285]","[5.242184114836107, -177.28827318148296]","[-165.2196875159675, 3.399613559291815]","[92.0012727901254, -115.98323286011656]","[-25.961602106898454, 109.23594164804558]","[-78.51053006109123, 58.572759558100756]","[-96.5665809693287, -152.7024378210399]","[-21.677217091505717, -118.50400723045007]","[-141.73642119385048, 196.45007594886164]","[237.62041129703266, 215.62673789495148]","[29.426273974704593, -218.7825581022812]","[-126.5976635079535, 186.38856447962942]","[199.8263565415259, 210.61386080150032]","[201.96909775518088, -18.534997060079345]","[-88.77471761206152, -40.48121430426977]","[96.15442816629661, -186.03922223977406]","[-243.2224036798416, -62.49766553225754]","[241.97095322763062, -54.80074452690121]","[-184.88573513366325, 220.37170714448084]","[211.02142018364702, 218.49781053804327]","[-21.029376125199498, -41.975639261074924]","[-227.57410101553887, -178.51639731608975]","[96.86579599034803, 124.40852285923665]","[-32.86657857066916, 19.471646919759678]","[-152.50522023711207, 21.51839087700063]","[-45.64945095121277, 69.31685845989819]","[-178.7120542350317, -216.0246862191375]","[47.27489118132349, -68.46816259038556]","[-173.5448044954951, 161.3937073080965]","[-192.7946944006685, 25.684413317733117]","[-224.9306156930476, 117.37324765237194]","[23.927799419872947, 113.91616024060068]","[230.24742217590074, 42.36585475057359]","[16.00735677090795, -59.577162395728124]","[-194.22656967373405, 59.43369809995875]","[-123.31928315869291, -6.3821262832266825]","[-8.805441235813444, 199.36054094846804]","[-167.07353655752368, 239.68445794074043]","[-201.9898104291001, -68.80370030631184]","[190.41449679808193, -97.37757055780617]","[-181.66882146125727, 247.99399383582545]","[-127.9675810079325, 14.215481081616986]","[-5.652918703837517, 82.61856734543206]","[22.678420772468847, 182.6933307451095]","[-188.35598075628224, -29.959498722643417]","[38.33230520310849, -46.90886721827985]","[-196.9494688977179, 238.68003940748304]","[221.54216701806172, 117.26409566951247]","[-214.81331677119442, -131.99430469829485]","[-32.0790748119756, 190.15243402815804]","[146.38825811972174, 12.213939044324555]","[8.565069775692487, -51.77608893210572]","[83.64583459767141, -134.07263688037392]","[-74.58179307393857, 152.4526209298333]","[163.8283089835066, 154.53869861508605]","[-241.1490389196556, 65.7983995843058]","[20.391239504969576, 212.43534928590543]","[-125.89813062346366, -60.03651834246307]","[-13.058224196012135, -88.40181900239168]","[-254.96836066452641, 86.2003652183509]","[71.75276153453909, -113.79557736822062]","[84.61183018030852, 138.2363352235019]","[53.47738168649377, -11.448325966193693]","[-222.30666592613267, -35.37320938606163]"
"[-21.39593706264477, 245.90681125574483]","[-13.524453519571725, 216.8362196936]","[169.18120266260686, 146.72208280282948]","[-224.67221188635284, -103.40046969565039]","[86.5847236654168, -193.78833287222093]","[-22.166972796564835, -95.46973210773426]","[146.28021392685037, -118.8232839512337]","[28.140899247294925, -9.924971130173377]","[167.1577410355579, 140.10593124827682]","[-113.26005482354374, 11.769978477233193]","[-216.89947649447254, 94.00452997831295]","[-236.38800345338078, 80.0292259408311]","[-187.3099608515387, 209.78510447694944]","[-196.87547123913896, 33.14034631603511]","[162.10380275506287, -241.00735302412093]","[-122.87870529317797, 17.077511851634256]","[70.12485104141459, 5.130057465262546]","[46.35174365519933, 182.11219579388387]","[-238.29191649502954, 104.11034382835618]","[172.6711768765714, 211.4840374219723]","[-33.141229751411664, 186.9541483559644]","[-161.84072074193233, 205.30061541058964]","[-212.90674940555522, 171.7119230137846]","[-218.00008594284643, 229.97316954792774]","[-112.16577642751761, 25.36382509175394]","[239.92781887751144, 31.8079437650037]","[139.53873358793578, 126.80858354467682]","[-244.233104126299, 109.71368552704698]","[-38.16161933324201, 99.69924056675713]","[-0.4756121782485212, -158.70937478676527]","[-186.84250749085874, -14.674463722042987]","[166.62173309042097, -246.54998429790206]","[76.08155950797587, 226.54346801505469]","[128.52448531071676, 68.55226034594018]","[102.8665906547421, 239.70626747137155]","[220.71176930921078, 249.3554928983682]","[197.48938493351235, -77.70012308280907]","[226.81466282060777, 49.11515246587048]","[-146.67092659367347, -162.3440970882771]","[65.42199667082104, -163.86726436613046]","[-191.1260172367165, -162.74457602769826]","[39.30099418649808, 67.4353612952285]","[5.242184114836107, -177.28827318148296]","[-165.2196875159675, 3.399613559291815]","[144.81895594070988, -115.8923990528963]","[-25.961602106898454, 109.23594164804558]","[-78.51053006109123, 58.572759558100756]","[-96.5665809693287, -152.7024378210399]","[-21.677217091505717, -118.50400723045007]","[-141.73642119385048, 196.45007594886164]","[237.62041129703266, 215.62673789495148]","[29.426273974704593, -218.7825581022812]","[-126.5976635079535, 186.38856447962942]","[199.8263565415259, 210.61386080150032]","[201.96909775518088, -18.534997060079345]","[-88.77471761206152, -40.48121430426977]","[96.15442816629661, -186.03922223977406]","[-243.2224036798416, -62.49766553225754]","[241.97095322763062, -54.80074452690121]","[-184.88573513366325, 220.37170714448084]","[211.02142018364702, 218.49781053804327]","[-21.029376125199498, -41.975639261074924]","[-227.57410101553887, -178.51639731608975]","[96.86579599034803, 124.40852285923665]","[-32.86657857066916, 19.471646919759678]","[-152.50522023711207, 21.51839087700063]","[-45.64945095121277, 69.31685845989819]","[-178.7120542350317, -216.0246862191375]","[47.27489118132349, -68.46816259038556]","[-173.5448044954951, 161.3937073080965]","[-192.7946944006685, 25.684413317733117]","[-224.9306156930476, 117.37324765237194]","[23.927799419872947, 113.91616024060068]","[230.24742217590074, 42.36585475057359]","[16.00735677090795, -59.577162395728124]","[-194.22656967373405, 59.43369809995875]","[-123.31928315869291, -6.3821262832266825]","[-8.805441235813444, 199.36054094846804]","[-167.07353655752368, 239.68445794074043]","[-201.9898104291001, -68.80370030631184]","[190.41449679808193, -97.37757055780617]","[-181.66882146125727, 247.99399383582545]","[-127.9675810079325, 14.215481081616986]","[-5.652918703837517, 82.61856734543206]","[22.678420772468847, 182.6933307451095]","[-188.35598075628224, -29.959498722643417]","[38.33230520310849, -46.90886721827985]","[-196.9494688977179, 238.68003940748304]","[221.54216701806172, 117.26409566951247]","[-214.81331677119442, -131.99430469829485]","[-32.0790748119756, 190.15243402815804]","[146.38825811972174, 12.213939044324555]","[8.565069775692487, -51.77608893210572]","[83.64583459767141, -134.07263688037392]","[-74.58179307393857, 152.4526209298333]","[163.8283089835066, 154.53869861508605]","[-241.1490389196556, 65.7983995843058]","[20.391239504969576, 212.43534928590543]","[-125.89813062346366, -60.03651834246307]","[-13.058224196012135, -88.40181900239168]","[-152.72663572492175, 141.80744954208143]","[145.8624307416005, -136.95870638051085]","[132.95090000902036, 136.74000184734317]","[95.27225315017391, 48.985642402604505]","[-226.71533700482848, 66.57796419064942]"
"[-21.39593706264477, 245.90681125574483]","[-13.524453519571725, 216.8362196936]","[169.18120266260686, 146.72208280282948]","[-224.67221188635284, -103.40046969565039]","[86.5847236654168, -193.78833287222093]","[-22.166972796564835, -95.46973210773426]","[146.28021392685037, -118.8232839512337]","[28.140899247294925, -9.924971130173377]","[167.1577410355579, 140.10593124827682]","[-113.26005482354374, 11.769978477233193]","[-216.89947649447254, 94.00452997831295]","[-236.38800345338078, 80.0292259408311]","[-187.3099608515387, 209.78510447694944]","[-196.87547123913896, 33.14034631603511]","[162.10380275506287, -241.00735302412093]","[-122.87870529317797, 17.077511851634256]","[70.12485104141459, 5.130057465262546]","[46.35174365519933, 182.11219579388387]","[-238.29191649502954, 104.11034382835618]","[172.6711768765714, 211.4840374219723]","[-33.141229751411664, 186.9541483559644]","[-161.84072074193233, 205.30061541058964]","[-212.90674940555522, 171.7119230137846]","[-218.00008594284643, 229.97316954792774]","[-112.16577642751761, 25.36382509175394]","[239.92781887751144, 31.8079437650037]","[139.53873358793578, 126.80858354467682]","[-244.233104126299, 109.71368552704698]","[-38.16161933324201, 99.69924056675713]","[-0.4756121782485212, -158.70937478676527]","[-186.84250749085874, -14.674463722042987]","[166.62173309042097, -246.54998429790206]","[76.08155950797587, 226.54346801505469]","[128.52448531071676, 68.55226034594018]","[102.8665906547421, 239.70626747137155]","[220.71176930921078, 249.3554928983682]","[197.48938493351235, -77.70012308280907]","[226.81466282060777, 49.11515246587048]","[-146.67092659367347, -162.3440970882771]","[63.76087146274737, -163.86726436613046]","[-189.6963933140113, -160.9786120294294]","[37.61138238502674, 69.20742543366703]","[3.507320622013364, -177.11879025532565]","[-163.73341798571548, 3.4245894067475535]","[147.891189709627, -114.29350559349486]","[-25.334202238579607, 108.12568800104843]","[-80.04243818990943, 60.358557030482054]","[-95.03949227991174, -151.6838401848549]","[-19.83779215320922, -118.66000782172827]","[-142.06614868039367, 196.1745498360516]","[239.1591870030972, 215.16590901338594]","[27.702916098123627, -220.70646798367378]","[-125.03893068618507, 184.59147168633848]","[199.50300382537128, 211.2772271015941]","[200.1546663648797, -16.880934376334302]","[-87.19813746281537, -38.76129019828663]","[96.10157992669015, -187.66667362975994]","[-243.9863039098317, -60.84126962802364]","[243.78163780435753, -54.72579105983254]","[-185.26364060093678, 219.20298659807278]","[209.46025894512496, 216.96642369667097]","[-19.156212133024464, -43.849116714892105]","[-228.04748232901005, -176.79867214834536]","[98.41990823974479, 124.05905553793895]","[-33.295739731335985, 19.938624852244658]","[-154.34929650193158, 23.11329030681317]","[-44.81504163566357, 67.52416211364182]","[-177.31905762472118, -214.0887291078336]","[47.645451173518225, -67.47672244225062]","[-174.76635477646354, 160.66831401485254]","[-194.7193628007103, 25.352189150091437]","[-226.07569008745511, 118.58256710621315]","[25.423286883615006, 115.72342025563822]","[228.28865920521753, 41.01372067248444]","[14.695316569089696, -59.86323504546113]","[-195.55323027834243, 59.64830423120617]","[-122.40173835611121, -5.15600917592835]","[-10.668281313051784, 198.5705747577473]","[-168.60530511948738, 237.9934631508394]","[-200.23917358091884, -69.66643157545633]","[191.87790284796205, -97.65116871766905]","[-180.14812280258585, 246.07782768284]","[-126.34055482092828, 12.478948649218047]","[-5.82477536023006, 80.78014656170213]","[21.033322070748152, 180.92416391667885]","[-188.35598075628224, -30.295218598664192]","[38.33230520310849, -46.90886721827985]","[-196.9494688977179, 238.68003940748304]","[221.54216701806172, 117.26409566951247]","[-214.81331677119442, -131.99430469829485]","[-32.0790748119756, 190.15243402815804]","[146.38825811972174, 12.213939044324555]","[8.565069775692487, -51.77608893210572]","[83.64583459767141, -134.07263688037392]","[-74.58179307393857, 152.4526209298333]","[163.8283089835066, 154.53869861508605]","[-241.1490389196556, 65.7983995843058]","[20.391239504969576, 212.43534928590543]","[-125.89813062346366, -60.03651834246307]","[-13.058224196012135, -88.40181900239168]","[-55.953421484860115, 194.73608790023536]","[170.6337216579848, -237.30089480440634]","[26.440819430681277, 169.53691012696228]","[168.05205268070637, 127.41969604417278]","[-206.40611645400776, 44.13729477535479]"
"[-21.39593706264477, 245.90681125574483]","[8.185443534374063, 223.287390474037]","[169.18120266260686, 146.72208280282948]","[-224.67221188635284, -103.40046969565039]","[86.5847236654168, -193.78833287222093]","[-22.166972796564835, -95.46973210773426]","[146.28021392685037, -118.8232839512337]","[28.140899247294925, -9.924971130173377]","[167.1577410355579, 140.10593124827682]","[-113.26005482354374, 11.769978477233193]","[-216.89947649447254, 94.00452997831295]","[-236.38800345338078, 80.0292259408311]","[-187.3099608515387, 209.78510447694944]","[-196.87547123913896, 33.14034631603511]","[162.10380275506287, -241.00735302412093]","[-122.87870529317797, 17.077511851634256]","[70.12485104141459, 5.130057465262546]","[46.35174365519933, 182.11219579388387]","[-238.29191649502954, 104.11034382835618]","[172.6711768765714, 211.4840374219723]","[-66.0806171147297, 186.29498915945723]","[-161.84072074193233, 205.30061541058964]","[-212.90674940555522, 171.7119230137846]","[-218.00008594284643, 229.97316954792774]","[-112.16577642751761, 25.36382509175394]","[239.92781887751144, 31.8079437650037]","[139.53873358793578, 126.80858354467682]","[-244.233104126299, 109.71368552704698]","[-38.16161933324201, 99.69924056675713]","[-0.4756121782485212, -158.70937478676527]","[-186.84250749085874, -14.674463722042987]","[166.62173309042097, -246.54998429790206]","[76.08155950797587, 226.54346801505469]","[128.52448531071676, 68.55226034594018]","[102.8665906547421, 239.70626747137155]","[220.71176930921078, 249.3554928983682]","[197.48938493351235, -77.70012308280907]","[226.81466282060777, 49.11515246587048]","[-146.67092659367347, -162.3440970882771]","[63.76087146274737, -163.86726436613046]","[-189.6963933140113, -160.9786120294294]","[37.61138238502674, 69.20742543366703]","[3.507320622013364, -177.11879025532565]","[-163.73341798571548, 3.4245894067475535]","[147.891189709627, -114.29350559349486]","[-25.334202238579607, 108.12568800104843]","[-80.04243818990943, 60.358557030482054]","[-95.03949227991174, -151.6838401848549]","[-19.83779215320922, -118.66000782172827]","[-142.06614868039367, 196.1745498360516]","[239.1591870030972, 215.16590901338594]","[27.702916098123627, -220.70646798367378]","[-125.03893068618507, 184.59147168633848]","[199.50300382537128, 211.2772271015941]","[200.1546663648797, -16.880934376334302]","[-87.19813746281537, -38.76129019828663]","[96.10157992669015, -187.66667362975994]","[-243.9863039098317, -60.84126962802364]","[243.78163780435753, -54.72579105983254]","[-185.26364060093678, 219.20298659807278]","[209.46025894512496, 216.96642369667097]","[-19.156212133024464, -43.849116714892105]","[-228.04748232901005, -176.79867214834536]","[98.41990823974479, 124.05905553793895]","[-33.295739731335985, 19.938624852244658]","[-124.11119021229986, 6.92677442321849]","[-44.81504163566357, 67.52416211364182]","[-177.31905762472118, -214.0887291078336]","[47.645451173518225, -67.47672244225062]","[-174.76635477646354, 160.66831401485254]","[-194.7193628007103, 25.352189150091437]","[-226.07569008745511, 118.58256710621315]","[25.423286883615006, 115.72342025563822]","[228.28865920521753, 41.01372067248444]","[14.695316569089696, -59.86323504546113]","[-195.55323027834243, 59.64830423120617]","[-122.40173835611121, -5.15600917592835]","[-10.668281313051784, 198.5705747577473]","[-168.60530511948738, 237.9934631508394]","[-200.23917358091884, -69.66643157545633]","[191.87790284796205, -97.65116871766905]","[-180.14812280258585, 246.07782768284]","[-126.34055482092828, 12.478948649218047]","[-5.82477536023006, 80.78014656170213]","[21.033322070748152, 180.92416391667885]","[-189.99301329705526, -30.295218598664192]","[37.72807427830277, -48.34067141942234]","[-195.69631070382528, 239.53504187045073]","[221.32605245669058, 117.093101648857]","[-213.23914906939407, -130.11894874193828]","[-31.64651698772408, 190.03696115491792]","[145.53752425220435, 11.22731023459484]","[7.850386636673267, -50.88709449036233]","[85.31119926002587, -135.3896766853973]","[-74.74315514105973, 151.60590973794788]","[162.0106029511832, 156.03995015600432]","[-240.84585385213407, 66.59829955832491]","[21.040691974030175, 213.27505861627452]","[-126.45426378743014, -59.10130073886701]","[-13.749363208262894, -88.05193269004116]","[-20.09194137984765, 238.28021755435148]","[94.88717531298903, -195.44475556351577]","[-51.89321396191093, 188.26839285761687]","[171.34318196708284, 199.71697728729293]","[-135.97333133182678, 17.37785272001985]"
"[-23.3604039486827, 245.84250603549452]","[18.731167214380044, 226.3573621461365]","[170.06269359599534, 145.55995261138196]","[-224.06469493849124, -102.48285026598276]","[85.18471020801148, -192.25785732739413]","[-22.457108013414018, -94.07456495612837]","[146.06140298137097, -118.34230065424745]","[27.2943715558186, -10.787478740802001]","[166.1651912460206, 138.62237585459917]","[-114.27535216610514, 11.285859564129264]","[-217.79527789541245, 93.80642158119393]","[-235.15771823243517, 79.03094511382116]","[-186.31213225194114, 209.15539783264475]","[-198.36928293551654, 31.234178661125142]","[164.36648315876565, -242.6563324983983]","[-112.15807213334749, 16.49403127917124]","[70.51207515652054, 3.6735296584464883]","[47.82755324363304, 182.97495821837504]","[-240.21618597194566, 102.44558839081152]","[172.12242257519324, 209.74780432914713]","[-115.45421737443864, 173.79219002135505]","[-163.53723372675188, 206.43594572885962]","[-212.960087605882, 171.16556554400722]","[-216.70597335124916, 231.0304148154529]","[-111.99905739384218, 24.385226567739466]","[241.92357292912976, 30.443705162945093]","[138.8250046252474, 128.57919064344304]","[-244.93166445916648, 108.77402724290656]","[-36.877008705785656, 98.32860765891931]","[-2.0330011299101987, -160.51580859775146]","[-186.5391255785563, -14.71413805863375]","[168.0515981636162, -245.69051572966575]","[75.32165124373915, 224.89296555467428]","[128.52448531071676, 68.55226034594018]","[102.8665906547421, 239.70626747137155]","[220.71176930921078, 249.3554928983682]","[197.48938493351235, -77.70012308280907]","[226.81466282060777, 49.11515246587048]","[-146.67092659367347, -162.3440970882771]","[63.76087146274737, -163.86726436613046]","[-189.6963933140113, -160.9786120294294]","[37.61138238502674, 69.20742543366703]","[3.507320622013364, -177.11879025532565]","[-163.73341798571548, 3.4245894067475535]","[147.891189709627, -114.29350559349486]","[-25.334202238579607, 108.12568800104843]","[-80.04243818990943, 60.358557030482054]","[-95.03949227991174, -151.6838401848549]","[-19.83779215320922, -118.66000782172827]","[-142.06614868039367, 196.1745498360516]","[239.1591870030972, 215.16590901338594]","[27.702916098123627, -220.70646798367378]","[-125.03893068618507, 184.59147168633848]","[199.50300382537128, 211.2772271015941]","[200.1546663648797, -16.880934376334302]","[-87.19813746281537, -38.76129019828663]","[96.10157992669015, -187.66667362975994]","[-243.9863039098317, -60.84126962802364]","[243.78163780435753, -54.72579105983254]","[-185.26364060093678, 219.20298659807278]","[209.46025894512496, 216.96642369667097]","[-19.156212133024464, -43.849116714892105]","[-228.04748232901005, -176.79867214834536]","[98.41990823974479, 124.05905553793895]","[-33.295739731335985, 19.938624852244658]","[-165.31508316557424, -31.983475865279207]","[-44.81504163566357, 67.52416211364182]","[-177.31905762472118, -214.0887291078336]","[47.645451173518225, -67.47672244225062]","[-174.76635477646354, 160.66831401485254]","[-194.7193628007103, 25.352189150091437]","[-226.07569008745511, 118.58256710621315]","[25.423286883615006, 115.72342025563822]","[228.28865920521753, 41.01372067248444]","[14.695316569089696, -59.86323504546113]","[-195.55323027834243, 59.64830423120617]","[-122.40173835611121, -5.15600917592835]","[-10.668281313051784, 198.5705747577473]","[-168.60530511948738, 237.9934631508394]","[-204.94016653090236, -83.41927128599892]","[191.87790284796205, -97.65116871766905]","[-180.14812280258585, 246.07782768284]","[-126.34055482092828, 12.478948649218047]","[-5.82477536023006, 80.78014656170213]","[21.033322070748152, 180.92416391667885]","[-189.99301329705526, -30.295218598664192]","[37.72807427830277, -48.34067141942234]","[-195.69631070382528, 239.53504187045073]","[221.32605245669058, 117.093101648857]","[-213.23914906939407, -130.11894874193828]","[-31.64651698772408, 190.03696115491792]","[145.53752425220435, 11.22731023459484]","[7.850386636673267, -50.88709449036233]","[85.31119926002587, -135.3896766853973]","[-74.74315514105973, 151.60590973794788]","[162.0106029511832, 156.03995015600432]","[-240.84585385213407, 66.59829955832491]","[21.040691974030175, 213.27505861627452]","[-126.45426378743014, -59.10130073886701]","[-13.749363208262894, -88.05193269004116]","[-124.50502341980854, 222.6950185279625]","[154.19346155261962, -234.75242812370612]","[-175.22088203143312, 170.0879207715945]","[109.44192337195284, 112.14991292777225]","[-156.7765793721134, -22.959833789855818]"
"[-23.3604039486827, 245.84250603549452]","[18.731167214380044, 226.3573621461365]","[170.06269359599534, 145.55995261138196]","[-224.06469493849124, -102.48285026598276]","[85.18471020801148, -192.25785732739413]","[-22.457108013414018, -94.07456495612837]","[146.06140298137097, -118.34230065424745]","[27.2943715558186, -10.787478740802001]","[166.1651912460206, 138.62237585459917]","[-114.27535216610514, 11.285859564129264]","[-217.79527789541245, 93.80642158119393]","[-235.15771823243517, 79.03094511382116]","[-186.31213225194114, 209.15539783264475]","[-198.36928293551654, 31.234178661125142]","[170.49201154077363, -243.29802316926555]","[-112.15807213334749, 16.49403127917124]","[70.51207515652054, 3.6735296584464883]","[47.82755324363304, 182.97495821837504]","[-240.21618597194566, 102.44558839081152]","[172.12242257519324, 209.74780432914713]","[-115.45421737443864, 173.79219002135505]","[-163.53723372675188, 206.43594572885962]","[-212.960087605882, 171.16556554400722]","[-216.70597335124916, 231.0304148154529]","[-111.99905739384218, 24.385226567739466]","[241.92357292912976, 30.443705162945093]","[138.8250046252474, 128.57919064344304]","[-244.93166445916648, 108.77402724290656]","[-36.877008705785656, 98.32860765891931]","[-2.0330011299101987, -160.51580859775146]","[-186.5391255785563, -14.71413805863375]","[171.04678370395106, -258.71818856176463]","[75.32165124373915, 224.89296555467428]","[128.26121974075892, 68.11415801334843]","[101.56462539913869, 239.9831067343934]","[220.9889322097526, 248.7127626754168]","[195.75346640018955, -78.03542444062137]","[227.39199592770234, 47.23957319915698]","[-146.2986281580072, -161.07022044641104]","[62.09974625467369, -162.97710344649107]","[-188.26676939130607, -159.21264803116054]","[35.92177058355539, 70.97948957210555]","[1.772457129190621, -176.94930732916833]","[-162.24714845546345, 3.449565254203292]","[146.45569876182958, -112.70197187692953]","[-24.70680237026076, 107.01543435405128]","[-81.57434631872763, 62.14435450286335]","[-93.51240359049478, -150.66524254866988]","[-17.998367214912726, -118.81600841300647]","[-142.39587616693686, 195.89902372324156]","[240.69796270916174, 214.7050801318204]","[25.97955822154266, -222.63037786506635]","[-123.48019786441664, 182.79437889304754]","[199.17965110921665, 211.94059340168786]","[198.3402349745785, -15.22687169258926]","[-85.62155731356921, -37.04136609230349]","[96.04873168708369, -189.29412501974582]","[-244.7502041398218, -59.184873723789735]","[245.59232238108444, -54.650837592763864]","[-185.64154606821032, 218.03426605166473]","[207.8990977066029, 215.43503685529868]","[-17.28304814084943, -45.722594168709286]","[-228.52086364248123, -175.08094698060097]","[99.97402048914154, 123.70958821664124]","[-33.72490089200281, 20.405602784729638]","[-196.67798225345257, -58.0416886546411]","[-43.98063232011437, 65.73146576738546]","[-175.92606101441066, -212.15277199652968]","[48.01601116571296, -66.48528229411568]","[-175.987905057432, 159.94292072160857]","[-196.64403120075207, 25.019964982449757]","[-227.22076448186263, 119.79188656005435]","[26.918774347357065, 117.53068027067576]","[226.32989623453432, 39.66158659439529]","[13.383276367271442, -60.14930769519414]","[-196.8798908829508, 59.86291036245359]","[-121.48419355352951, -3.9298920686300183]","[-12.531121390290124, 197.78060856702655]","[-168.60530511948738, 237.9934631508394]","[-226.98078615203482, -132.1521685211121]","[191.87790284796205, -97.65116871766905]","[-180.14812280258585, 246.07782768284]","[-126.34055482092828, 12.478948649218047]","[-5.82477536023006, 80.78014656170213]","[21.033322070748152, 180.92416391667885]","[-189.99301329705526, -30.295218598664192]","[37.72807427830277, -48.34067141942234]","[-195.69631070382528, 239.53504187045073]","[221.32605245669058, 117.093101648857]","[-213.23914906939407, -130.11894874193828]","[-31.64651698772408, 190.03696115491792]","[145.53752425220435, 11.22731023459484]","[7.850386636673267, -50.88709449036233]","[85.31119926002587, -135.3896766853973]","[-74.74315514105973, 151.60590973794788]","[162.0106029511832, 156.03995015600432]","[-240.84585385213407, 66.59829955832491]","[21.040691974030175, 213.27505861627452]","[-126.45426378743014, -59.10130073886701]","[-13.749363208262894, -88.05193269004116]","[-129.4639928581767, 223.8803594019716]","[155.12881873571868, -170.93978743283918]","[-152.31565502471935, 175.22931108562662]","[41.72349468746322, 13.817816858894076]","[-216.6887779126669, -91.83326243420092]"
"[-23.3604039486827, 245.84250603549452]","[18.731167214380044, 226.3573621461365]","[170.06269359599534, 145.55995261138196]","[-224.06469493849124, -102.48285026598276]","[85.18471020801148, -192.25785732739413]","[-22.457108013414018, -94.07456495612837]","[145.4739652722673, -114.0141986630594]","[27.2943715558186, -10.787478740802001]","[166.1651912460206, 138.62237585459917]","[-114.27535216610514, 11.285859564129264]","[-217.79527789541245, 93.80642158119393]","[-235.15771823243517, 79.03094511382116]","[-186.31213225194114, 209.15539783264475]","[-198.36928293551654, 31.234178661125142]","[174.8569817259756, -240.5235238053288]","[-112.15807213334749, 16.49403127917124]","[70.51207515652054, 3.6735296584464883]","[47.82755324363304, 182.97495821837504]","[-240.21618597194566, 102.44558839081152]","[172.12242257519324, 209.74780432914713]","[-115.45421737443864, 173.79219002135505]","[-163.53723372675188, 206.43594572885962]","[-212.960087605882, 171.16556554400722]","[-216.70597335124916, 231.0304148154529]","[-111.99905739384218, 24.385226567739466]","[241.92357292912976, 30.443705162945093]","[138.8250046252474, 128.57919064344304]","[-244.93166445916648, 108.77402724290656]","[-36.877008705785656, 98.32860765891931]","[-2.0330011299101987, -160.51580859775146]","[-186.5391255785563, -14.71413805863375]","[173.71467600651513, -270.556132772734]","[75.32165124373915, 224.89296555467428]","[128.26121974075892, 68.11415801334843]","[101.56462539913869, 239.9831067343934]","[220.9889322097526, 248.7127626754168]","[195.75346640018955, -78.03542444062137]","[227.39199592770234, 47.23957319915698]","[-146.2986281580072, -161.07022044641104]","[62.09974625467369, -162.97710344649107]","[-188.26676939130607, -159.21264803116054]","[35.92177058355539, 70.97948957210555]","[1.772457129190621, -176.94930732916833]","[-162.24714845546345, 3.449565254203292]","[146.9428506581436, -111.82129128220468]","[-24.70680237026076, 107.01543435405128]","[-81.57434631872763, 62.14435450286335]","[-93.51240359049478, -150.66524254866988]","[-17.998367214912726, -118.81600841300647]","[-142.39587616693686, 195.89902372324156]","[240.69796270916174, 214.7050801318204]","[25.97955822154266, -222.63037786506635]","[-123.48019786441664, 182.79437889304754]","[199.17965110921665, 211.94059340168786]","[198.3402349745785, -15.22687169258926]","[-85.62155731356921, -37.04136609230349]","[96.04873168708369, -189.29412501974582]","[-244.7502041398218, -59.184873723789735]","[245.59232238108444, -54.650837592763864]","[-185.64154606821032, 218.03426605166473]","[207.8990977066029, 215.43503685529868]","[-17.28304814084943, -45.722594168709286]","[-228.52086364248123, -175.08094698060097]","[99.97402048914154, 123.70958821664124]","[-33.72490089200281, 20.405602784729638]","[-196.67798225345257, -58.0416886546411]","[-43.98063232011437, 65.73146576738546]","[-175.92606101441066, -212.15277199652968]","[48.01601116571296, -66.48528229411568]","[-175.987905057432, 159.94292072160857]","[-196.64403120075207, 25.019964982449757]","[-227.22076448186263, 119.79188656005435]","[26.918774347357065, 117.53068027067576]","[226.32989623453432, 39.66158659439529]","[13.383276367271442, -60.14930769519414]","[-196.8798908829508, 59.86291036245359]","[-121.48419355352951, -3.9298920686300183]","[-12.531121390290124, 197.78060856702655]","[-170.13707368145108, 236.30246836093838]","[-225.95567212575503, -134.34612346991767]","[193.34130889784217, -97.92476687753194]","[-178.62742414391442, 244.16166152985454]","[-124.71352863392406, 10.742416216819109]","[-5.996632016622603, 78.9417257779722]","[19.388223369027457, 179.1549970882482]","[-191.63004583782828, -30.630938474684967]","[37.12384335349705, -49.77247562056483]","[-194.44315250993264, 240.39004433341842]","[221.10993789531943, 116.92210762820153]","[-211.66498136759373, -128.2435927855817]","[-31.21395916347256, 189.9214882816778]","[144.68679038468696, 10.240681424865127]","[7.135703497654047, -49.99810004861894]","[86.97656392238034, -136.70671649042066]","[-74.90451720818089, 150.75919854606246]","[160.1928969188598, 157.5412016969226]","[-240.54266878461254, 67.39819953234402]","[21.690144443090773, 214.1147679466436]","[-127.01039695139661, -58.16608313527095]","[-14.440502220513652, -87.70204637769064]","[-42.59217228884537, 244.30713375835603]","[116.95192059054983, -116.42681710641213]","[-49.91924330956086, 188.21123450008375]","[46.75578572907838, 21.197899639017386]","[-141.98124287344754, -12.914485633564368]"
"[-25.324870834720627, 245.77820081524422]","[19.432732070432394, 226.5573208794416]","[170.94418452938382, 144.39782241993444]","[-223.45717799062965, -101.56523083631514]","[83.78469675060616, -190.72738178256733]","[-22.7472432302632, -92.67939780452248]","[143.95771592825835, -112.18688983499517]","[26.447843864342275, -11.649986351430625]","[165.17264145648332, 137.13882046092152]","[-115.29064950866653, 10.801740651025336]","[-218.69107929635237, 93.60831318407492]","[-233.92743301148957, 78.03266428681123]","[-185.31430365234357, 208.52569118834006]","[-199.8630946318941, 29.328011006215178]","[179.682701161657, -239.44968852437745]","[-110.49986533318987, 16.156202765349896]","[70.89929927162649, 2.217001851630431]","[49.30336283206675, 183.8377206428662]","[-242.1404554488618, 100.78083295326687]","[171.5736682738151, 208.01157123632197]","[-116.9919367715805, 174.31890463052943]","[-165.23374671157143, 207.5712760471296]","[-213.01342580620877, 170.61920807422985]","[-215.4118607596519, 232.08766008297806]","[-111.83233836016674, 23.40662804372499]","[243.91932698074808, 29.079466560886488]","[138.11127566255902, 130.34979774220926]","[-245.63022479203397, 107.83436895876613]","[-36.877008705785656, 98.32860765891931]","[-2.0330011299101987, -160.51580859775146]","[-186.5391255785563, -14.71413805863375]","[176.56954454500914, -283.10501190944086]","[75.32165124373915, 224.89296555467428]","[128.26121974075892, 68.11415801334843]","[101.56462539913869, 239.9831067343934]","[220.9889322097526, 248.7127626754168]","[195.75346640018955, -78.03542444062137]","[227.39199592770234, 47.23957319915698]","[-146.2986281580072, -161.07022044641104]","[62.09974625467369, -162.97710344649107]","[-188.26676939130607, -159.21264803116054]","[35.92177058355539, 70.97948957210555]","[1.772457129190621, -176.94930732916833]","[-162.24714845546345, 3.449565254203292]","[148.02542279225887, -109.8787746621919]","[-24.70680237026076, 107.01543435405128]","[-81.57434631872763, 62.14435450286335]","[-93.51240359049478, -150.66524254866988]","[-17.998367214912726, -118.81600841300647]","[-142.39587616693686, 195.89902372324156]","[240.69796270916174, 214.7050801318204]","[25.97955822154266, -222.63037786506635]","[-123.48019786441664, 182.79437889304754]","[199.17965110921665, 211.94059340168786]","[198.3402349745785, -15.22687169258926]","[-85.62155731356921, -37.04136609230349]","[96.04873168708369, -189.29412501974582]","[-244.7502041398218, -59.184873723789735]","[245.59232238108444, -54.650837592763864]","[-185.64154606821032, 218.03426605166473]","[207.8990977066029, 215.43503685529868]","[-17.28304814084943, -45.722594168709286]","[-228.52086364248123, -175.08094698060097]","[99.97402048914154, 123.70958821664124]","[-33.72490089200281, 20.405602784729638]","[-196.67798225345257, -58.0416886546411]","[-43.98063232011437, 65.73146576738546]","[-175.92606101441066, -212.15277199652968]","[48.01601116571296, -66.48528229411568]","[-175.987905057432, 159.94292072160857]","[-196.64403120075207, 25.019964982449757]","[-227.22076448186263, 119.79188656005435]","[26.918774347357065, 117.53068027067576]","[226.32989623453432, 39.66158659439529]","[13.383276367271442, -60.14930769519414]","[-196.8798908829508, 59.86291036245359]","[-121.48419355352951, -3.9298920686300183]","[-12.531121390290124, 197.78060856702655]","[-170.13707368145108, 236.30246836093838]","[-225.95567212575503, -134.34612346991767]","[193.34130889784217, -97.92476687753194]","[-178.62742414391442, 244.16166152985454]","[-145.09066228163832, 3.038124828606169]","[-5.996632016622603, 78.9417257779722]","[19.388223369027457, 179.1549970882482]","[-191.63004583782828, -30.630938474684967]","[37.12384335349705, -49.77247562056483]","[-194.44315250993264, 240.39004433341842]","[221.10993789531943, 116.92210762820153]","[-211.66498136759373, -128.2435927855817]","[-31.21395916347256, 189.9214882816778]","[144.68679038468696, 10.240681424865127]","[7.135703497654047, -49.99810004861894]","[86.97656392238034, -136.70671649042066]","[-74.90451720818089, 150.75919854606246]","[160.1928969188598, 157.5412016969226]","[-240.54266878461254, 67.39819953234402]","[21.690144443090773, 214.1147679466436]","[-127.01039695139661, -58.16608313527095]","[-14.440502220513652, -87.70204637769064]","[-53.56611349279205, 196.87035678442527]","[0.6110583926911901, -103.03196884550286]","[43.4820029984388, 159.55889453177787]","[113.7620434097461, 115.7489422803978]","[-146.05099153811926, 14.829301578058082]"
"[-25.324870834720627, 245.77820081524422]","[19.432732070432394, 226.5573208794416]","[170.94418452938382, 144.39782241993444]","[-223.45717799062965, -101.56523083631514]","[83.78469675060616, -190.72738178256733]","[-22.7472432302632, -92.67939780452248]","[143.95771592825835, -112.18688983499517]","[26.447843864342275, -11.649986351430625]","[165.17264145648332, 137.13882046092152]","[-115.29064950866653, 10.801740651025336]","[-218.69107929635237, 93.60831318407492]","[-233.92743301148957, 78.03266428681123]","[-185.31430365234357, 208.52569118834006]","[-199.8630946318941, 29.328011006215178]","[179.682701161657, -239.44968852437745]","[-110.49986533318987, 16.156202765349896]","[70.89929927162649, 2.217001851630431]","[49.30336283206675, 183.8377206428662]","[-242.1404554488618, 100.78083295326687]","[171.5736682738151, 208.01157123632197]","[-116.9919367715805, 174.31890463052943]","[-165.23374671157143, 207.5712760471296]","[-213.01342580620877, 170.61920807422985]","[-215.4118607596519, 232.08766008297806]","[-111.83233836016674, 23.40662804372499]","[243.91932698074808, 29.079466560886488]","[141.2841912331996, 131.44178552885413]","[-245.63022479203397, 107.83436895876613]","[-35.5923980783293, 96.9579747510815]","[-3.590390081571876, -162.32224240873765]","[-186.23574366625388, -14.753812395224514]","[177.69633190022134, -285.6408504275619]","[74.56174297950244, 223.24246309429387]","[127.99795417080108, 67.67605568075668]","[100.26266014353529, 240.25994599741526]","[221.2660951102944, 248.0700324524654]","[194.01754786686675, -78.37072579843367]","[227.9693290347969, 45.36399393244348]","[-145.92632972234094, -159.796343804545]","[60.43862104660001, -162.0869425268517]","[-186.83714546860085, -157.44668403289168]","[34.23215878208405, 72.75155371054407]","[0.03759363636787816, -176.77982440301102]","[-160.76087892521141, 3.4745411016590304]","[147.00513093395642, -107.55352034750628]","[-24.079402501941914, 105.90518070705413]","[-83.10625444754584, 63.93015197524465]","[-91.98531490107783, -149.64664491248487]","[-16.15894227661623, -118.97200900428467]","[-142.72560365348005, 195.6234976104315]","[242.23673841522628, 214.24425125025488]","[24.256200344961695, -224.55428774645893]","[-121.92146504264821, 180.9972860997566]","[198.85629839306202, 212.60395970178163]","[196.5258035842773, -13.572809008844217]","[-84.04497716432306, -35.32144198632035]","[95.99588344747723, -190.9215764097317]","[-245.5141043698119, -57.52847781955583]","[247.40300695781136, -54.57588412569519]","[-186.01945153548385, 216.86554550525668]","[206.33793646808084, 213.90365001392638]","[-15.409884148674397, -47.596071622526466]","[-228.9942449559524, -173.36322181285658]","[101.52813273853829, 123.36012089534353]","[-34.15406205266963, 20.872580717214618]","[-198.52205851827208, -56.44678922482856]","[-43.146223004565165, 63.93876942112909]","[-174.53306440410014, -210.21681488522577]","[48.386571157907696, -65.49384214598074]","[-177.20945533840043, 159.2175274283646]","[-198.56869960079385, 24.687740814808077]","[-227.22076448186263, 121.00120601389555]","[26.918774347357065, 117.53068027067576]","[226.32989623453432, 39.66158659439529]","[13.383276367271442, -60.14930769519414]","[-196.8798908829508, 59.86291036245359]","[-121.48419355352951, -3.9298920686300183]","[-12.531121390290124, 197.78060856702655]","[-170.13707368145108, 236.30246836093838]","[-225.95567212575503, -134.34612346991767]","[193.34130889784217, -97.92476687753194]","[-178.62742414391442, 244.16166152985454]","[-167.1489541847329, -5.373750465864244]","[-5.996632016622603, 78.9417257779722]","[19.388223369027457, 179.1549970882482]","[-191.63004583782828, -30.630938474684967]","[37.12384335349705, -49.77247562056483]","[-194.44315250993264, 240.39004433341842]","[221.10993789531943, 116.92210762820153]","[-211.66498136759373, -128.2435927855817]","[-31.21395916347256, 189.9214882816778]","[144.68679038468696, 10.240681424865127]","[7.135703497654047, -49.99810004861894]","[86.97656392238034, -136.70671649042066]","[-74.90451720818089, 150.75919854606246]","[160.1928969188598, 157.5412016969226]","[-240.54266878461254, 67.39819953234402]","[21.690144443090773, 214.1147679466436]","[-127.01039695139661, -58.16608313527095]","[-14.440502220513652, -87.70204637769064]","[-158.20162272748902, 135.61937299781476]","[-2.5285135860555554, -96.23359325924]","[147.93977938660404, 124.98981796073606]","[164.6486288891222, 175.07147993681366]","[-211.69424633738421, 55.752452700243644]"
"[-25.324870834720627, 245.77820081524422]","[19.432732070432394, 226.5573208794416]","[152.50835586953605, 118.18007027289553]","[-223.45717799062965, -101.56523083631514]","[83.78469675060616, -190.72738178256733]","[-22.7472432302632, -92.67939780452248]","[143.95771592825835, -112.18688983499517]","[26.447843864342275, -11.649986351430625]","[146.60511289344203, 108.13858446564785]","[-115.29064950866653, 10.801740651025336]","[-218.69107929635237, 93.60831318407492]","[-233.92743301148957, 78.03266428681123]","[-185.31430365234357, 208.52569118834006]","[-199.8630946318941, 29.328011006215178]","[179.682701161657, -239.44968852437745]","[-110.49986533318987, 16.156202765349896]","[70.89929927162649, 2.217001851630431]","[49.30336283206675, 183.8377206428662]","[-242.1404554488618, 100.78083295326687]","[171.5736682738151, 208.01157123632197]","[-116.9919367715805, 174.31890463052943]","[-165.23374671157143, 207.5712760471296]","[-213.01342580620877, 170.61920807422985]","[-215.4118607596519, 232.08766008297806]","[-111.83233836016674, 23.40662804372499]","[243.91932698074808, 29.079466560886488]","[149.14404145443316, 134.1509285172883]","[-245.63022479203397, 107.83436895876613]","[-35.5923980783293, 96.9579747510815]","[-3.590390081571876, -162.32224240873765]","[-186.23574366625388, -14.753812395224514]","[177.69633190022134, -285.6408504275619]","[74.56174297950244, 223.24246309429387]","[127.99795417080108, 67.67605568075668]","[100.26266014353529, 240.25994599741526]","[221.2660951102944, 248.0700324524654]","[194.01754786686675, -78.37072579843367]","[227.9693290347969, 45.36399393244348]","[-145.92632972234094, -159.796343804545]","[60.43862104660001, -162.0869425268517]","[-186.83714546860085, -157.44668403289168]","[34.23215878208405, 72.75155371054407]","[0.03759363636787816, -176.77982440301102]","[-160.76087892521141, 3.4745411016590304]","[147.00513093395642, -107.55352034750628]","[-24.079402501941914, 105.90518070705413]","[-83.10625444754584, 63.93015197524465]","[-91.98531490107783, -149.64664491248487]","[-16.15894227661623, -118.97200900428467]","[-142.72560365348005, 195.6234976104315]","[242.23673841522628, 214.24425125025488]","[24.256200344961695, -224.55428774645893]","[-121.92146504264821, 180.9972860997566]","[198.85629839306202, 212.60395970178163]","[196.5258035842773, -13.572809008844217]","[-84.04497716432306, -35.32144198632035]","[95.99588344747723, -190.9215764097317]","[-245.5141043698119, -57.52847781955583]","[247.40300695781136, -54.57588412569519]","[-186.01945153548385, 216.86554550525668]","[206.33793646808084, 213.90365001392638]","[-15.409884148674397, -47.596071622526466]","[-228.9942449559524, -173.36322181285658]","[101.52813273853829, 123.36012089534353]","[-34.15406205266963, 20.872580717214618]","[-198.52205851827208, -56.44678922482856]","[-43.146223004565165, 63.93876942112909]","[-174.53306440410014, -210.21681488522577]","[48.386571157907696, -65.49384214598074]","[-177.20945533840043, 159.2175274283646]","[-198.56869960079385, 24.687740814808077]","[-228.36583887627015, 121.00120601389555]","[28.414261811099124, 119.3379402857133]","[224.3711332638511, 38.30945251630614]","[12.071236165453188, -60.43538034492715]","[-198.20655148755918, 60.07751649370101]","[-120.5666487509478, -2.7037749613316864]","[-14.393961467528465, 196.9906423763058]","[-171.6688422434148, 234.61147357103735]","[-224.20503527757378, -135.20885473906216]","[194.8047149477223, -98.19836503739482]","[-177.106725485243, 242.2454953768691]","[-170.77028020915463, -9.151246875985551]","[-6.168488673015146, 77.10330499424227]","[17.743124667306763, 177.38583025981754]","[-193.2670783786013, -30.966658350705742]","[36.51961242869133, -51.204279821707324]","[-193.18999431604, 241.2450467963861]","[220.8938233339483, 116.75111360754606]","[-210.09081366579338, -126.36823682922514]","[-30.781401339221038, 189.80601540843767]","[143.83605651716957, 9.254052615135413]","[6.421020358634827, -49.109105606875545]","[88.6419285847348, -138.02375629544403]","[-75.06587927530205, 149.91248735417705]","[158.3751908865364, 159.04245323784087]","[-240.23948371709102, 68.19809950636314]","[22.33959691215137, 214.9544772770127]","[-127.5665301153631, -57.230865531674894]","[-15.13164123276441, -87.35216006534012]","[-253.29343468249547, 80.03865355184593]","[107.09179230974074, -105.32715699710303]","[62.69024893799935, 139.79863934298265]","[144.73488412736472, 106.97853558628734]","[-229.88902732711796, 80.19534596305064]"
"[-27.289337720758557, 245.71389559499391]","[20.134296926484744, 226.7572796127467]","[121.13629966361287, 74.61088096818375]","[-222.84966104276805, -100.64761140664751]","[82.38468329320084, -189.19690623774054]","[-23.037378447112385, -91.28423065291659]","[143.73890498277896, -111.70590653800892]","[25.60131617286595, -12.51249396205925]","[102.77952619426604, 47.52012766828475]","[-116.30594685122793, 10.317621737921407]","[-219.5868806972923, 93.4102047869559]","[-232.69714779054397, 77.03438345980129]","[-184.316475052746, 207.89598454403537]","[-201.3569063282717, 27.421843351305213]","[181.3886499740037, -240.3380332809511]","[-108.84165853303226, 15.818374251528555]","[71.28652338673244, 0.7604740448143734]","[50.779172420500466, 184.70048306735737]","[-244.0647249257779, 99.11607751572221]","[171.02491397243693, 206.2753381434968]","[-118.52965616872235, 174.8456192397038]","[-165.23374671157143, 207.5712760471296]","[-213.01342580620877, 170.61920807422985]","[-215.4118607596519, 232.08766008297806]","[-111.48478972329289, 23.217365946662923]","[243.91932698074808, 29.079466560886488]","[159.82188323307898, 137.8360766009775]","[-245.63022479203397, 107.83436895876613]","[-35.5923980783293, 96.9579747510815]","[-3.590390081571876, -162.32224240873765]","[-186.23574366625388, -14.753812395224514]","[177.69633190022134, -285.6408504275619]","[74.56174297950244, 223.24246309429387]","[127.99795417080108, 67.67605568075668]","[100.26266014353529, 240.25994599741526]","[221.2660951102944, 248.0700324524654]","[194.01754786686675, -78.37072579843367]","[227.9693290347969, 45.36399393244348]","[-145.92632972234094, -159.796343804545]","[60.43862104660001, -162.0869425268517]","[-186.83714546860085, -157.44668403289168]","[34.23215878208405, 72.75155371054407]","[0.03759363636787816, -176.77982440301102]","[-160.76087892521141, 3.4745411016590304]","[147.00513093395642, -107.55352034750628]","[-24.079402501941914, 105.90518070705413]","[-83.10625444754584, 63.93015197524465]","[-91.98531490107783, -149.64664491248487]","[-16.15894227661623, -118.97200900428467]","[-142.72560365348005, 195.6234976104315]","[242.23673841522628, 214.24425125025488]","[24.256200344961695, -224.55428774645893]","[-121.92146504264821, 180.9972860997566]","[198.85629839306202, 212.60395970178163]","[196.5258035842773, -13.572809008844217]","[-84.04497716432306, -35.32144198632035]","[95.99588344747723, -190.9215764097317]","[-245.5141043698119, -57.52847781955583]","[247.40300695781136, -54.57588412569519]","[-186.01945153548385, 216.86554550525668]","[206.33793646808084, 213.90365001392638]","[-15.409884148674397, -47.596071622526466]","[-228.9942449559524, -173.36322181285658]","[101.52813273853829, 123.36012089534353]","[-34.15406205266963, 20.872580717214618]","[-198.52205851827208, -56.44678922482856]","[-43.146223004565165, 63.93876942112909]","[-174.53306440410014, -210.21681488522577]","[48.386571157907696, -65.49384214598074]","[-177.20945533840043, 159.2175274283646]","[-198.56869960079385, 24.687740814808077]","[-228.36583887627015, 121.00120601389555]","[28.414261811099124, 119.3379402857133]","[224.3711332638511, 38.30945251630614]","[12.071236165453188, -60.43538034492715]","[-198.20655148755918, 60.07751649370101]","[-120.5666487509478, -2.7037749613316864]","[-14.393961467528465, 196.9906423763058]","[-171.6688422434148, 234.61147357103735]","[-224.20503527757378, -135.20885473906216]","[194.8047149477223, -98.19836503739482]","[-177.106725485243, 242.2454953768691]","[-170.77028020915463, -9.151246875985551]","[-6.168488673015146, 77.10330499424227]","[17.743124667306763, 177.38583025981754]","[-193.2670783786013, -30.966658350705742]","[36.51961242869133, -51.204279821707324]","[-193.18999431604, 241.2450467963861]","[220.8938233339483, 116.75111360754606]","[-210.09081366579338, -126.36823682922514]","[-30.781401339221038, 189.80601540843767]","[143.83605651716957, 9.254052615135413]","[6.421020358634827, -49.109105606875545]","[88.6419285847348, -138.02375629544403]","[-75.06587927530205, 149.91248735417705]","[158.3751908865364, 159.04245323784087]","[-240.23948371709102, 68.19809950636314]","[22.33959691215137, 214.9544772770127]","[-127.5665301153631, -57.230865531674894]","[-15.13164123276441, -87.35216006534012]","[-200.3364724886004, 165.35304875123953]","[176.77907476355784, -208.78218994412478]","[-8.61714644303644, 152.54042002572683]","[67.60456153866122, -18.432282892770246]","[-147.81819770942036, 43.3357886577666]"
"[-27.289337720758557, 245.71389559499391]","[20.134296926484744, 226.7572796127467]","[121.13629966361287, 74.61088096818375]","[-222.84966104276805, -100.64761140664751]","[82.38468329320084, -189.19690623774054]","[-23.037378447112385, -91.28423065291659]","[143.73890498277896, -111.70590653800892]","[25.60131617286595, -12.51249396205925]","[110.9847853192811, 59.94511159150248]","[-147.349490282607, -6.78200970657016]","[-219.5868806972923, 93.4102047869559]","[-232.69714779054397, 77.03438345980129]","[-184.316475052746, 207.89598454403537]","[-201.3569063282717, 27.421843351305213]","[181.3886499740037, -240.3380332809511]","[-108.84165853303226, 15.818374251528555]","[71.28652338673244, 0.7604740448143734]","[50.779172420500466, 184.70048306735737]","[-244.0647249257779, 99.11607751572221]","[171.02491397243693, 206.2753381434968]","[-146.92457165893765, 190.15350568105382]","[-143.41068008878824, 217.46175029326253]","[-213.06676400653555, 170.07285060445247]","[-214.11774816805462, 233.14490535050322]","[-106.92435270507102, 21.64350684684047]","[245.9150810323664, 27.71522795882788]","[160.06556500990533, 139.94304212089045]","[-246.32878512490146, 106.89471067462571]","[-34.30778745087295, 95.58734184324368]","[-5.147779033233554, -164.12867621972384]","[-185.93236175395145, -14.793486731815278]","[178.61525737612845, -284.1363064004799]","[73.80183471526573, 221.59196063391346]","[127.73468860084324, 67.23795334816492]","[98.96069488793188, 240.5367852604371]","[221.5432580108362, 247.427302229514]","[192.28162933354395, -78.70602715624597]","[228.5466621418915, 43.48841466572998]","[-145.55403128667467, -158.52246716267894]","[58.777495838526335, -161.1967816072123]","[-185.40752154589563, -155.68072003462282]","[32.542546980612705, 74.5236178489826]","[-1.6972698564548647, -176.6103414768537]","[-159.27460939495938, 3.499516949114769]","[145.569639986159, -105.96198663094096]","[-23.452002633623067, 104.79492706005698]","[-84.63816257636404, 65.71594944762595]","[-90.45822621166087, -148.62804727629987]","[-14.319517338319736, -119.12800959556287]","[-143.05533114002324, 195.34797149762147]","[243.77551412129083, 213.78342236868934]","[22.53284246838073, -226.4781976278515]","[-120.36273222087978, 179.20019330646565]","[198.5329456769074, 213.2673260018754]","[194.7113721939761, -11.918746325099175]","[-82.4683970150769, -33.60151788033721]","[68.51333676218204, -175.0295229601159]","[-246.278004599802, -55.87208191532193]","[249.21369153453827, -54.500930658626515]","[-186.3973570027574, 215.69682495884862]","[204.77677522955878, 212.37226317255409]","[-13.536720156499364, -49.46954907634365]","[-229.4676262694236, -171.6454966451122]","[103.08224498793504, 123.01065357404582]","[-34.58322321333645, 21.339558649699597]","[-200.36613478309158, -54.851889795016014]","[-43.146223004565165, 63.93876942112909]","[-174.53306440410014, -210.21681488522577]","[48.386571157907696, -65.49384214598074]","[-177.20945533840043, 159.2175274283646]","[-198.56869960079385, 24.687740814808077]","[-228.36583887627015, 121.00120601389555]","[28.414261811099124, 119.3379402857133]","[224.3711332638511, 38.30945251630614]","[12.071236165453188, -60.43538034492715]","[-198.20655148755918, 60.07751649370101]","[-120.5666487509478, -2.7037749613316864]","[-14.393961467528465, 196.9906423763058]","[-171.6688422434148, 234.61147357103735]","[-224.20503527757378, -135.20885473906216]","[194.8047149477223, -98.19836503739482]","[-177.106725485243, 242.2454953768691]","[-170.77028020915463, -9.151246875985551]","[-6.168488673015146, 77.10330499424227]","[17.743124667306763, 177.38583025981754]","[-193.2670783786013, -30.966658350705742]","[36.51961242869133, -51.204279821707324]","[-193.18999431604, 241.2450467963861]","[220.8938233339483, 116.75111360754606]","[-210.09081366579338, -126.36823682922514]","[-30.781401339221038, 189.80601540843767]","[143.83605651716957, 9.254052615135413]","[6.421020358634827, -49.109105606875545]","[88.6419285847348, -138.02375629544403]","[-75.06587927530205, 149.91248735417705]","[158.3751908865364, 159.04245323784087]","[-240.23948371709102, 68.19809950636314]","[22.33959691215137, 214.9544772770127]","[-127.5665301153631, -57.230865531674894]","[-15.13164123276441, -87.35216006534012]","[-150.26724170435975, 212.39206483145347]","[81.73127935661114, -185.340333149312]","[-159.40679436270008, 172.95880039161125]","[104.23064681365331, 51.268965714511594]","[-157.7326587206704, -32.85898456958434]"
"[-27.289337720758557, 245.71389559499391]","[20.134296926484744, 226.7572796127467]","[128.5287911545581, 120.72872920860439]","[-222.84966104276805, -100.64761140664751]","[82.38468329320084, -189.19690623774054]","[-23.037378447112385, -91.28423065291659]","[143.73890498277896, -111.70590653800892]","[25.60131617286595, -12.51249396205925]","[150.74103122518406, 98.42312433383691]","[-198.7564771937693, -39.67707223397406]","[-219.5868806972923, 93.4102047869559]","[-232.69714779054397, 77.03438345980129]","[-184.316475052746, 207.89598454403537]","[-201.3569063282717, 27.421843351305213]","[188.85032975365078, -244.41725250169293]","[-108.84165853303226, 15.818374251528555]","[71.28652338673244, 0.7604740448143734]","[50.779172420500466, 184.70048306735737]","[-244.0647249257779, 99.11607751572221]","[171.02491397243693, 206.2753381434968]","[-187.18434495834978, 211.71845707736273]","[-77.50720347147995, 240.47899351656503]","[-213.06676400653555, 170.07285060445247]","[-214.11774816805462, 233.14490535050322]","[-106.92435270507102, 21.64350684684047]","[245.9150810323664, 27.71522795882788]","[160.06556500990533, 139.94304212089045]","[-246.32878512490146, 106.89471067462571]","[-34.30778745087295, 95.58734184324368]","[-5.147779033233554, -164.12867621972384]","[-185.93236175395145, -14.793486731815278]","[178.61525737612845, -284.1363064004799]","[73.80183471526573, 221.59196063391346]","[127.73468860084324, 67.23795334816492]","[98.96069488793188, 240.5367852604371]","[221.5432580108362, 247.427302229514]","[192.28162933354395, -78.70602715624597]","[228.5466621418915, 43.48841466572998]","[-145.55403128667467, -158.52246716267894]","[58.777495838526335, -161.1967816072123]","[-185.40752154589563, -155.68072003462282]","[32.542546980612705, 74.5236178489826]","[-1.6972698564548647, -176.6103414768537]","[-159.27460939495938, 3.499516949114769]","[145.569639986159, -105.96198663094096]","[-23.452002633623067, 104.79492706005698]","[-84.63816257636404, 65.71594944762595]","[-90.45822621166087, -148.62804727629987]","[-14.319517338319736, -119.12800959556287]","[-143.05533114002324, 195.34797149762147]","[243.77551412129083, 213.78342236868934]","[22.53284246838073, -226.4781976278515]","[-120.36273222087978, 179.20019330646565]","[198.5329456769074, 213.2673260018754]","[194.7113721939761, -11.918746325099175]","[-82.4683970150769, -33.60151788033721]","[68.51333676218204, -175.0295229601159]","[-246.278004599802, -55.87208191532193]","[249.21369153453827, -54.500930658626515]","[-186.3973570027574, 215.69682495884862]","[204.77677522955878, 212.37226317255409]","[-13.536720156499364, -49.46954907634365]","[-229.4676262694236, -171.6454966451122]","[103.08224498793504, 123.01065357404582]","[-34.58322321333645, 21.339558649699597]","[-200.36613478309158, -54.851889795016014]","[-42.31181368901596, 62.14607307487272]","[-173.14006779378963, -208.28085777392187]","[48.75713115010243, -64.5024019978458]","[-178.43100561936888, 158.49213413512064]","[-200.49336800083563, 24.355516647166397]","[-229.51091327067766, 122.21052546773676]","[29.909749274841182, 121.14520030075084]","[222.4123702931679, 36.95731843821699]","[10.759195963634934, -60.721452994660154]","[-199.53321209216756, 60.29212262494843]","[-119.6491039483661, -1.4776578540333545]","[-16.256801544766805, 196.20067618558505]","[-173.2006108053785, 232.92047878113632]","[-222.45439842939254, -136.07158600820665]","[196.2681209976024, -98.47196319725771]","[-175.58602682657158, 240.32932922388363]","[-169.14325402215042, -10.88777930838449]","[-6.340345329407689, 75.26488421051234]","[16.098025965586068, 175.61666343138688]","[-195.88426371884307, -31.07641025986478]","[35.91538150388561, -52.636084022849815]","[-191.93683612214738, 242.1000492593538]","[220.67770877257715, 116.58011958689059]","[-208.51664596399303, -124.49288087286857]","[-30.348843514969516, 189.69054253519755]","[142.98532264965218, 8.267423805405699]","[5.706337219615607, -48.22011116513215]","[90.30729324708926, -139.3407961004674]","[-75.22724134242321, 149.06577616229163]","[156.557484854213, 160.54370477875915]","[-239.9362986495695, 68.99799948038225]","[22.98904938121197, 215.7941866073818]","[-128.12266327932957, -56.295647928078836]","[-15.822780245015169, -87.0022737529896]","[-35.72088221900281, 241.49305207673078]","[180.22121508027382, -239.50054752718125]","[-210.92792173309763, 227.38829330878588]","[151.70698918883298, 155.19626853688064]","[-213.82244993152327, -51.99026980548402]"
"[-29.253804606796486, 245.6495903747436]","[20.835861782537094, 226.95723834605178]","[137.80336494268064, 167.41021397040956]","[-222.24214409490645, -99.72999197697989]","[80.98466983579551, -187.66643069291374]","[-23.327513663961568, -89.8890635013107]","[143.52009403729957, -111.22492324102267]","[24.754788481389625, -13.375001572687873]","[180.22084705320214, 126.44526933340174]","[-232.0258757489972, -71.440319902609]","[-220.4826820982322, 93.21209638983689]","[-231.46686256959836, 76.03610263279135]","[-183.31864645314843, 207.26627789973068]","[-202.85071802464927, 25.51567569639525]","[221.65241153084887, -257.86113743027175]","[-108.84165853303226, 15.480545737707214]","[71.28652338673244, 0.7604740448143734]","[50.779172420500466, 184.70048306735737]","[-244.0647249257779, 99.11607751572221]","[171.02491397243693, 206.2753381434968]","[-221.5354123699229, 230.22861362300625]","[-20.825443727005165, 260.3632741715891]","[-213.06676400653555, 170.07285060445247]","[-214.11774816805462, 233.14490535050322]","[-106.92435270507102, 21.64350684684047]","[245.9150810323664, 27.71522795882788]","[160.06556500990533, 139.94304212089045]","[-246.32878512490146, 106.89471067462571]","[-34.30778745087295, 95.58734184324368]","[-5.147779033233554, -164.12867621972384]","[-185.93236175395145, -14.793486731815278]","[178.61525737612845, -284.1363064004799]","[73.80183471526573, 221.59196063391346]","[127.73468860084324, 67.23795334816492]","[98.96069488793188, 240.5367852604371]","[221.5432580108362, 247.427302229514]","[192.28162933354395, -78.70602715624597]","[228.5466621418915, 43.48841466572998]","[-145.55403128667467, -158.52246716267894]","[58.777495838526335, -161.1967816072123]","[-185.40752154589563, -155.68072003462282]","[32.542546980612705, 74.5236178489826]","[-1.6972698564548647, -176.6103414768537]","[-159.27460939495938, 3.499516949114769]","[145.569639986159, -105.96198663094096]","[-23.452002633623067, 104.79492706005698]","[-84.63816257636404, 65.71594944762595]","[-90.45822621166087, -148.62804727629987]","[-14.319517338319736, -119.12800959556287]","[-143.05533114002324, 195.34797149762147]","[243.77551412129083, 213.78342236868934]","[22.53284246838073, -226.4781976278515]","[-120.36273222087978, 179.20019330646565]","[198.5329456769074, 213.2673260018754]","[194.7113721939761, -11.918746325099175]","[-82.4683970150769, -33.60151788033721]","[68.51333676218204, -175.0295229601159]","[-246.278004599802, -55.87208191532193]","[249.21369153453827, -54.500930658626515]","[-186.3973570027574, 215.69682495884862]","[204.77677522955878, 212.37226317255409]","[-13.536720156499364, -49.46954907634365]","[-229.4676262694236, -171.6454966451122]","[103.08224498793504, 123.01065357404582]","[-34.58322321333645, 21.339558649699597]","[-200.36613478309158, -54.851889795016014]","[-42.31181368901596, 62.14607307487272]","[-173.14006779378963, -208.28085777392187]","[48.75713115010243, -64.5024019978458]","[-178.43100561936888, 158.49213413512064]","[-200.49336800083563, 24.355516647166397]","[-229.51091327067766, 122.21052546773676]","[29.909749274841182, 121.14520030075084]","[222.4123702931679, 36.95731843821699]","[10.759195963634934, -60.721452994660154]","[-199.53321209216756, 60.29212262494843]","[-119.6491039483661, -1.4776578540333545]","[-16.256801544766805, 196.20067618558505]","[-173.2006108053785, 232.92047878113632]","[-222.45439842939254, -136.07158600820665]","[196.2681209976024, -98.47196319725771]","[-175.58602682657158, 240.32932922388363]","[-169.14325402215042, -10.88777930838449]","[-6.340345329407689, 75.26488421051234]","[16.098025965586068, 175.61666343138688]","[-195.88426371884307, -31.07641025986478]","[35.91538150388561, -52.636084022849815]","[-191.93683612214738, 242.1000492593538]","[220.67770877257715, 116.58011958689059]","[-208.51664596399303, -124.49288087286857]","[-30.348843514969516, 189.69054253519755]","[142.98532264965218, 8.267423805405699]","[5.706337219615607, -48.22011116513215]","[90.30729324708926, -139.3407961004674]","[-75.22724134242321, 149.06577616229163]","[156.557484854213, 160.54370477875915]","[-239.9362986495695, 68.99799948038225]","[22.98904938121197, 215.7941866073818]","[-128.12266327932957, -56.295647928078836]","[-15.822780245015169, -87.0022737529896]","[-24.004744537997396, 205.9375351186416]","[156.28555671590684, -149.45157893748842]","[-103.46993542235403, 217.3954973710589]","[128.46176620458502, 137.47940053240214]","[-221.62543607416234, 50.551171430656936]"
"[-29.253804606796486, 245.6495903747436]","[20.835861782537094, 226.95723834605178]","[137.80336494268064, 167.41021397040956]","[-222.24214409490645, -99.72999197697989]","[80.98466983579551, -187.66643069291374]","[-23.327513663961568, -89.8890635013107]","[139.03698212559405, -93.31984036727236]","[24.754788481389625, -13.375001572687873]","[180.22084705320214, 126.44526933340174]","[-232.0258757489972, -71.440319902609]","[-220.4826820982322, 93.21209638983689]","[-231.46686256959836, 76.03610263279135]","[-183.31864645314843, 207.26627789973068]","[-202.85071802464927, 25.51567569639525]","[221.65241153084887, -257.86113743027175]","[-107.18345173287464, 15.480545737707214]","[71.67374750183839, -0.696053762001684]","[52.25498200893418, 185.56324549184853]","[-245.98899440269403, 97.45132207817755]","[170.47615967105878, 204.53910505067165]","[-229.06241091701068, 233.9483230383898]","[-11.630791094722811, 262.972065622109]","[-213.12010220686233, 169.5264931346751]","[-212.82363557645735, 234.20215061802838]","[-106.75763367139558, 20.664908322825994]","[247.91083508398472, 26.350989356769276]","[159.35183604721695, 141.71364921965667]","[-247.02734545776894, 105.95505239048529]","[-33.0231768234166, 94.21670893540586]","[-6.7051679848952315, -165.93511003071004]","[-185.62897984164903, -14.833161068406042]","[179.53418285203557, -285.6408504275619]","[73.04192645102901, 219.94145817353305]","[127.4714230308854, 66.79985101557317]","[97.65872963232847, 240.81362452345897]","[221.82042091137802, 246.7845720065626]","[190.54571080022114, -79.04132851405826]","[229.12399524898606, 41.612835399016475]","[-145.1817328510084, -157.24859052081288]","[57.11637063045266, -160.30662068757292]","[-183.97789762319042, -153.91475603635396]","[30.852935179141358, 76.29568198742112]","[-3.4321333492776076, -176.4408585506964]","[-157.78833986470735, 3.5244927965705073]","[144.13414903836156, -104.37045291437563]","[-22.82460276530422, 103.68467341305983]","[-86.17007070518224, 67.50174692000725]","[-88.93113752224392, -147.60944964011486]","[-12.480092400023242, -119.28401018684107]","[-143.38505862656643, 195.07244538481143]","[245.31428982735537, 213.3225934871238]","[20.809484591799762, -228.40210750924408]","[-118.80399939911135, 177.4031005131747]","[198.20959296075276, 213.93069230196917]","[192.8969408036749, -10.264683641354132]","[-80.89181686583075, -31.881593774354073]","[68.46048852257557, -176.6569743501018]","[-247.0419048297921, -54.215686011088025]","[249.21369153453827, -54.42597719155784]","[-186.3973570027574, 215.69682495884862]","[204.77677522955878, 212.37226317255409]","[-13.536720156499364, -49.46954907634365]","[-229.4676262694236, -171.6454966451122]","[103.08224498793504, 123.01065357404582]","[-34.58322321333645, 21.339558649699597]","[-200.36613478309158, -54.851889795016014]","[-42.31181368901596, 62.14607307487272]","[-173.14006779378963, -208.28085777392187]","[48.75713115010243, -64.5024019978458]","[-178.43100561936888, 158.49213413512064]","[-200.49336800083563, 24.355516647166397]","[-229.51091327067766, 122.21052546773676]","[29.909749274841182, 121.14520030075084]","[222.4123702931679, 36.95731843821699]","[10.759195963634934, -60.721452994660154]","[-199.53321209216756, 60.29212262494843]","[-119.6491039483661, -1.4776578540333545]","[-16.256801544766805, 196.20067618558505]","[-173.2006108053785, 232.92047878113632]","[-222.45439842939254, -136.07158600820665]","[196.2681209976024, -98.47196319725771]","[-175.58602682657158, 240.32932922388363]","[-169.14325402215042, -10.88777930838449]","[-6.340345329407689, 75.26488421051234]","[16.098025965586068, 175.61666343138688]","[-195.88426371884307, -31.07641025986478]","[35.91538150388561, -52.636084022849815]","[-191.93683612214738, 242.1000492593538]","[220.67770877257715, 116.58011958689059]","[-208.51664596399303, -124.49288087286857]","[-30.348843514969516, 189.69054253519755]","[142.98532264965218, 8.267423805405699]","[5.706337219615607, -48.22011116513215]","[90.30729324708926, -139.3407961004674]","[-75.22724134242321, 149.06577616229163]","[156.557484854213, 160.54370477875915]","[-239.9362986495695, 68.99799948038225]","[22.98904938121197, 215.7941866073818]","[-128.12266327932957, -56.295647928078836]","[-15.822780245015169, -87.0022737529896]","[-161.29475040427621, 133.3632932730691]","[64.38559405094679, -96.13345746195115]","[51.659397358495426, 197.50206804991936]","[37.86293647738532, 8.473782767229958]","[-210.97845727279693, -6.555371420978647]"
"[-29.253804606796486, 245.6495903747436]","[20.835861782537094, 226.95723834605178]","[137.80336494268064, 167.41021397040956]","[-222.24214409490645, -99.72999197697989]","[80.98466983579551, -187.66643069291374]","[-23.327513663961568, -89.8890635013107]","[132.0099083943469, -65.9310318753289]","[24.754788481389625, -13.375001572687873]","[180.22084705320214, 126.44526933340174]","[-232.0258757489972, -71.440319902609]","[-220.4826820982322, 93.21209638983689]","[-231.46686256959836, 76.03610263279135]","[-183.31864645314843, 207.26627789973068]","[-202.91284609856518, 25.729945382504763]","[221.65241153084887, -257.86113743027175]","[-107.18345173287464, 15.480545737707214]","[71.67374750183839, -0.696053762001684]","[52.25498200893418, 185.56324549184853]","[-245.98899440269403, 97.45132207817755]","[170.47615967105878, 204.53910505067165]","[-229.06241091701068, 233.9483230383898]","[-11.630791094722811, 262.972065622109]","[-213.12010220686233, 169.5264931346751]","[-212.82363557645735, 234.20215061802838]","[-106.75763367139558, 20.664908322825994]","[247.91083508398472, 26.350989356769276]","[159.35183604721695, 141.71364921965667]","[-230.63544912414395, 129.09757183170555]","[-33.0231768234166, 94.21670893540586]","[-6.7051679848952315, -165.93511003071004]","[-185.62897984164903, -14.833161068406042]","[179.53418285203557, -285.6408504275619]","[73.04192645102901, 219.94145817353305]","[127.4714230308854, 66.79985101557317]","[97.65872963232847, 240.81362452345897]","[221.82042091137802, 246.7845720065626]","[190.54571080022114, -79.04132851405826]","[229.12399524898606, 41.612835399016475]","[-145.1817328510084, -157.24859052081288]","[57.11637063045266, -160.30662068757292]","[-183.97789762319042, -153.91475603635396]","[30.852935179141358, 76.29568198742112]","[-3.4321333492776076, -176.4408585506964]","[-157.78833986470735, 3.5244927965705073]","[144.13414903836156, -104.37045291437563]","[-22.82460276530422, 103.68467341305983]","[-86.17007070518224, 67.50174692000725]","[-88.93113752224392, -147.60944964011486]","[-12.480092400023242, -119.28401018684107]","[-143.38505862656643, 195.07244538481143]","[245.31428982735537, 213.3225934871238]","[20.809484591799762, -228.40210750924408]","[-118.80399939911135, 177.4031005131747]","[198.20959296075276, 213.93069230196917]","[192.8969408036749, -10.264683641354132]","[-80.89181686583075, -31.881593774354073]","[68.46048852257557, -176.6569743501018]","[-247.0419048297921, -54.215686011088025]","[251.02437611126518, -54.42597719155784]","[-186.77526247003092, 214.52810441244057]","[203.21561399103672, 210.8408763311818]","[-11.66355616432433, -51.34302653016083]","[-229.94100758289477, -169.9277714773678]","[104.6363572373318, 122.66118625274811]","[-35.012384374003275, 21.806536582184577]","[-202.2102110479111, -53.25699036520347]","[-41.47740437346676, 60.35337672861635]","[-171.7470711834791, -206.34490066261796]","[49.12769114229717, -63.510961849710846]","[-179.65255590033732, 157.76674084187667]","[-202.35550138667935, 23.807557382822292]","[-206.33022115644664, 161.79037069291257]","[31.40523673858324, 122.95246031578839]","[220.4536073224847, 35.605184360127836]","[9.44715576181668, -61.00752564439316]","[-200.85987269677594, 60.506728756195855]","[-118.7315591457844, -0.2515407467350226]","[-18.119641622005147, 195.4107099948643]","[-174.7323793673422, 231.2294839912353]","[-220.7037615812113, -136.93431727735114]","[197.73152704748253, -98.7455613571206]","[-174.06532816790016, 238.41316307089818]","[-167.5162278351462, -12.624311740783428]","[-6.512201985800232, 73.4264634267824]","[14.452927263865373, 173.84749660295623]","[-197.5212962596161, -31.412130135885555]","[35.31115057907989, -54.067888223992306]","[-190.68367792825475, 242.95505172232149]","[220.461594211206, 116.40912556623512]","[-206.94247826219268, -122.617524916512]","[-29.916285690717995, 189.57506966195743]","[142.13458878213478, 7.2807949956759845]","[4.991654080596387, -47.33111672338876]","[91.97265790944373, -140.65783590549077]","[-75.38860340954437, 148.2190649704062]","[154.7397788218896, 162.04495631967742]","[-239.63311358204797, 69.79789945440136]","[23.63850185027257, 216.63389593775088]","[-128.67879644329605, -55.36043032448278]","[-16.51391925726593, -86.65238744063907]","[-260.269948886226, 88.25324091264928]","[-21.506237414121678, -79.0055135436689]","[-59.501268541014966, 220.94501679718]","[79.24468298825218, 66.66953290897436]","[-180.79213481714672, -51.26758709073107]"
"[-31.218271492834415, 245.5852851544933]","[21.537426638589444, 227.15719707935688]","[138.68485587606912, 166.24808377896204]","[-221.63462714704485, -98.81237254731226]","[79.58465637839019, -186.13595514808694]","[-23.61764888081075, -88.49389634970481]","[124.16675081478573, -35.721588083677396]","[24.754788481389625, -14.237509183316497]","[180.22084705320214, 126.44526933340174]","[-232.0258757489972, -71.440319902609]","[-220.4826820982322, 93.21209638983689]","[-231.46686256959836, 76.03610263279135]","[-183.31864645314843, 207.26627789973068]","[-202.91284609856518, 25.729945382504763]","[221.65241153084887, -257.86113743027175]","[-107.18345173287464, 15.480545737707214]","[71.67374750183839, -0.696053762001684]","[52.25498200893418, 185.56324549184853]","[-245.98899440269403, 97.45132207817755]","[170.47615967105878, 204.53910505067165]","[-229.06241091701068, 233.9483230383898]","[-11.630791094722811, 262.972065622109]","[-213.12010220686233, 169.5264931346751]","[-212.82363557645735, 234.20215061802838]","[-106.75763367139558, 20.664908322825994]","[247.91083508398472, 26.350989356769276]","[159.35183604721695, 141.71364921965667]","[-201.79480359675244, 154.49197593617495]","[-33.0231768234166, 94.21670893540586]","[-6.7051679848952315, -165.93511003071004]","[-185.62897984164903, -14.833161068406042]","[179.53418285203557, -285.6408504275619]","[73.04192645102901, 219.94145817353305]","[127.4714230308854, 66.79985101557317]","[97.65872963232847, 240.81362452345897]","[221.82042091137802, 246.7845720065626]","[190.54571080022114, -79.04132851405826]","[229.12399524898606, 41.612835399016475]","[-145.1817328510084, -157.24859052081288]","[57.11637063045266, -160.30662068757292]","[-183.97789762319042, -153.91475603635396]","[30.852935179141358, 76.29568198742112]","[-3.4321333492776076, -176.4408585506964]","[-157.78833986470735, 3.5244927965705073]","[144.13414903836156, -104.37045291437563]","[-22.82460276530422, 103.68467341305983]","[-86.17007070518224, 67.50174692000725]","[-88.93113752224392, -147.60944964011486]","[-12.480092400023242, -119.28401018684107]","[-143.38505862656643, 195.07244538481143]","[245.31428982735537, 213.3225934871238]","[20.809484591799762, -228.40210750924408]","[-118.80399939911135, 177.4031005131747]","[198.20959296075276, 213.93069230196917]","[192.8969408036749, -10.264683641354132]","[-80.89181686583075, -31.881593774354073]","[68.46048852257557, -176.6569743501018]","[-247.0419048297921, -54.215686011088025]","[251.02437611126518, -54.42597719155784]","[-186.77526247003092, 214.52810441244057]","[203.21561399103672, 210.8408763311818]","[-11.66355616432433, -51.34302653016083]","[-229.94100758289477, -169.9277714773678]","[104.6363572373318, 122.66118625274811]","[-35.012384374003275, 21.806536582184577]","[-202.2102110479111, -53.25699036520347]","[-41.47740437346676, 60.35337672861635]","[-171.7470711834791, -206.34490066261796]","[49.12769114229717, -63.510961849710846]","[-179.65255590033732, 157.76674084187667]","[-202.35550138667935, 23.807557382822292]","[-158.3105933385352, 238.4837605860431]","[31.40523673858324, 122.95246031578839]","[220.4536073224847, 35.605184360127836]","[9.44715576181668, -61.00752564439316]","[-200.85987269677594, 60.506728756195855]","[-118.7315591457844, -0.2515407467350226]","[-18.119641622005147, 195.4107099948643]","[-174.7323793673422, 231.2294839912353]","[-220.7037615812113, -136.93431727735114]","[197.73152704748253, -98.7455613571206]","[-174.06532816790016, 238.41316307089818]","[-167.5162278351462, -12.624311740783428]","[-6.512201985800232, 73.4264634267824]","[14.452927263865373, 173.84749660295623]","[-197.5212962596161, -31.412130135885555]","[35.31115057907989, -54.067888223992306]","[-190.68367792825475, 242.95505172232149]","[220.461594211206, 116.40912556623512]","[-206.94247826219268, -122.617524916512]","[-29.916285690717995, 189.57506966195743]","[142.13458878213478, 7.2807949956759845]","[4.991654080596387, -47.33111672338876]","[91.97265790944373, -140.65783590549077]","[-75.38860340954437, 148.2190649704062]","[112.23822993787348, 46.459853911552415]","[-239.63311358204797, 69.79789945440136]","[23.63850185027257, 216.63389593775088]","[-128.67879644329605, -55.36043032448278]","[-16.51391925726593, -86.65238744063907]","[-190.81214225248985, 180.9813370473808]","[63.17174659743605, -169.22369825314507]","[-201.05158688316982, 211.96496575767847]","[152.6512194216324, 151.25960412936573]","[-129.25531874230325, 27.13963170856505]"
"[-31.218271492834415, 245.5852851544933]","[21.537426638589444, 227.15719707935688]","[138.68485587606912, 166.24808377896204]","[-221.63462714704485, -98.81237254731226]","[79.58465637839019, -186.13595514808694]","[-23.61764888081075, -88.49389634970481]","[124.16675081478573, -35.721588083677396]","[23.9082607899133, -14.237509183316497]","[179.22829726366484, 124.96171393972409]","[-233.04117309155862, -71.92443881571293]","[-221.37848349917212, 93.01398799271787]","[-230.23657734865276, 75.03782180578142]","[-182.32081785355086, 206.636571255426]","[-204.40665779494276, 23.823777727594795]","[223.35836034319556, -258.7494821868454]","[-105.52524493271703, 15.142717223885873]","[72.06097161694434, -2.1525815688177414]","[53.73079159736789, 186.4260079163397]","[-226.94365303659444, 116.61418669800157]","[169.92740536968063, 202.8028719578465]","[-230.60013031415255, 234.47503764756416]","[-13.32730407954237, 264.107395940379]","[-213.1734404071891, 168.98013566489772]","[-211.52952298486008, 235.25939588555354]","[-106.59091463772015, 19.686309798811518]","[249.90658913560304, 24.98675075471067]","[158.63810708452857, 143.4842563184229]","[-213.67628658062833, 127.45390363308925]","[-31.73856619596025, 92.84607602756805]","[-8.262556936556908, -167.74154384169623]","[-185.3255979293466, -14.872835404996806]","[180.4531083279427, -284.1363064004799]","[72.2820181867923, 218.29095571315264]","[127.20815746092757, 66.36174868298141]","[96.35676437672507, 241.09046378648083]","[222.09758381191983, 246.1418417836112]","[188.80979226689834, -79.37662987187056]","[229.70132835608064, 39.737256132302974]","[-144.80943441534214, -155.97471387894683]","[55.45524542237898, -159.41645976793353]","[-182.5482737004852, -152.1487920380851]","[29.16332337767001, 78.06774612585964]","[-5.1669968421003505, -176.27137562453908]","[-156.30207033445532, 3.5494686440262457]","[142.69865809056412, -102.77891919781031]","[-22.197202896985374, 102.57441976606268]","[-87.70197883400044, 69.28754439238855]","[-87.40404883282696, -146.59085200392985]","[-10.640667461726748, -119.44001077811927]","[-143.38505862656643, 195.07244538481143]","[245.31428982735537, 213.3225934871238]","[20.809484591799762, -228.40210750924408]","[-118.80399939911135, 177.4031005131747]","[198.20959296075276, 213.93069230196917]","[192.8969408036749, -10.264683641354132]","[-80.89181686583075, -31.881593774354073]","[68.46048852257557, -176.6569743501018]","[-247.0419048297921, -54.215686011088025]","[251.02437611126518, -54.42597719155784]","[-186.77526247003092, 214.52810441244057]","[203.21561399103672, 210.8408763311818]","[-11.66355616432433, -51.34302653016083]","[-229.94100758289477, -169.9277714773678]","[104.6363572373318, 122.66118625274811]","[-35.012384374003275, 21.806536582184577]","[-202.2102110479111, -53.25699036520347]","[-41.47740437346676, 60.35337672861635]","[-171.7470711834791, -206.34490066261796]","[49.12769114229717, -63.510961849710846]","[-179.65255590033732, 157.76674084187667]","[-202.35550138667935, 23.807557382822292]","[-87.2795367709474, 352.22893226937293]","[31.40523673858324, 122.95246031578839]","[220.4536073224847, 35.605184360127836]","[9.44715576181668, -61.00752564439316]","[-200.85987269677594, 60.506728756195855]","[-118.7315591457844, -0.2515407467350226]","[-18.119641622005147, 195.4107099948643]","[-174.7323793673422, 231.2294839912353]","[-220.7037615812113, -136.93431727735114]","[197.73152704748253, -98.7455613571206]","[-174.06532816790016, 238.41316307089818]","[-167.5162278351462, -12.624311740783428]","[-6.512201985800232, 73.4264634267824]","[14.452927263865373, 173.84749660295623]","[-197.5212962596161, -31.412130135885555]","[35.31115057907989, -54.067888223992306]","[-190.68367792825475, 242.95505172232149]","[220.461594211206, 116.40912556623512]","[-206.94247826219268, -122.617524916512]","[-29.916285690717995, 189.57506966195743]","[142.13458878213478, 7.2807949956759845]","[4.991654080596387, -47.33111672338876]","[91.97265790944373, -140.65783590549077]","[-75.38860340954437, 148.2190649704062]","[55.6495967049932, -108.28778155689994]","[-239.63311358204797, 69.79789945440136]","[23.63850185027257, 216.63389593775088]","[-128.67879644329605, -55.36043032448278]","[-16.51391925726593, -86.65238744063907]","[-223.664023837125, 106.67537857288444]","[210.48207822037674, -237.27066344923975]","[-129.29250969821874, 176.81498727644234]","[89.00932531048709, 27.462221795591223]","[-224.19662822416245, 89.46262678891334]"
"[-31.218271492834415, 245.5852851544933]","[21.537426638589444, 227.15719707935688]","[138.68485587606912, 166.24808377896204]","[-221.63462714704485, -98.81237254731226]","[79.58465637839019, -186.13595514808694]","[-23.61764888081075, -88.49389634970481]","[124.16675081478573, -35.721588083677396]","[23.9082607899133, -14.237509183316497]","[179.22829726366484, 124.96171393972409]","[-233.04117309155862, -71.92443881571293]","[-221.37848349917212, 93.01398799271787]","[-249.59977796602016, 38.27549396132335]","[-182.32081785355086, 206.636571255426]","[-204.68464648643575, 24.589550070013722]","[223.35836034319556, -258.7494821868454]","[-105.52524493271703, 15.142717223885873]","[72.06097161694434, -2.1525815688177414]","[53.73079159736789, 186.4260079163397]","[-211.30027871303542, 148.3875288436402]","[169.92740536968063, 202.8028719578465]","[-230.60013031415255, 234.47503764756416]","[-13.32730407954237, 264.107395940379]","[-213.1734404071891, 168.98013566489772]","[-211.52952298486008, 235.25939588555354]","[-106.59091463772015, 19.686309798811518]","[249.90658913560304, 24.98675075471067]","[158.63810708452857, 143.4842563184229]","[-208.4096143986179, 145.53642478954598]","[-31.73856619596025, 92.84607602756805]","[-8.262556936556908, -167.74154384169623]","[-185.3255979293466, -14.872835404996806]","[180.4531083279427, -284.1363064004799]","[72.2820181867923, 218.29095571315264]","[127.20815746092757, 66.36174868298141]","[96.35676437672507, 241.09046378648083]","[222.09758381191983, 246.1418417836112]","[188.80979226689834, -79.37662987187056]","[229.70132835608064, 39.737256132302974]","[-144.80943441534214, -155.97471387894683]","[55.45524542237898, -159.41645976793353]","[-182.5482737004852, -152.1487920380851]","[29.16332337767001, 78.06774612585964]","[-5.1669968421003505, -176.27137562453908]","[-156.30207033445532, 3.5494686440262457]","[142.69865809056412, -102.77891919781031]","[-22.197202896985374, 102.57441976606268]","[-87.70197883400044, 69.28754439238855]","[-87.40404883282696, -146.59085200392985]","[-10.640667461726748, -119.44001077811927]","[-143.71478611310962, 194.7969192720014]","[246.8530655334199, 212.86176460555828]","[19.086126715218796, -230.32601739063665]","[-117.24526657734292, 175.60600771988376]","[197.88624024459813, 214.59405860206294]","[191.0825094133737, -8.61062095760909]","[-79.3152367165846, -30.161669668370934]","[68.40764028296911, -178.28442574008767]","[-247.8058050597822, -52.55929010685412]","[249.21369153453827, -54.35102372448917]","[-187.15316793730446, 213.35938386603252]","[201.65445275251466, 209.3094894898095]","[-9.790392172149296, -53.21650398397801]","[-230.41438889636595, -168.2100463096234]","[106.19046948672855, 122.3117189314504]","[-35.4415455346701, 22.273514514669557]","[-204.0542873127306, -51.66209093539093]","[-40.64299505791756, 58.560680382359976]","[-170.3540745731686, -204.40894355131405]","[49.4982511344919, -62.5195217015759]","[-180.87410618130576, 157.0413475486327]","[-204.00121984570714, 22.70687007779418]","[-71.62475710862704, 377.7034565976622]","[32.9007242023253, 124.75972033082593]","[218.49484435180148, 34.253050282038686]","[8.135115559998425, -61.29359829412617]","[-202.18653330138432, 60.72133488744328]","[-117.8140143432027, 0.9745763605633093]","[-19.982481699243486, 194.62074380414356]","[-176.2641479293059, 229.53848920133427]","[-218.95312473303005, -137.79704854649563]","[199.19493309736265, -99.01915951698348]","[-172.54462950922874, 236.49699691791272]","[-165.88920164814198, -14.360844173182366]","[-6.684058642192775, 71.58804264305248]","[12.807828562144678, 172.07832977452557]","[-199.1583288003891, -31.74785001190633]","[34.706919654274174, -55.499692425134796]","[-189.43051973436212, 243.81005418528918]","[220.24547964983486, 116.23813154557965]","[-205.36831056039233, -120.74216896015542]","[-29.483727866466474, 189.4595967887173]","[141.2838549146174, 6.2941661859462705]","[4.276970941577167, -46.44212228164537]","[91.97265790944373, -140.65783590549077]","[-75.38860340954437, 148.2190649704062]","[22.500829300231914, -198.5050265263262]","[-239.63311358204797, 69.79789945440136]","[23.63850185027257, 216.63389593775088]","[-128.67879644329605, -55.36043032448278]","[-16.51391925726593, -86.65238744063907]","[-8.423204401936303, 212.9947890494401]","[161.36357005066765, -115.31934726697776]","[-216.9407602234884, 187.52598614798075]","[96.23425294537034, 45.243591181311444]","[-221.34786802236766, -20.3159541722188]"
"[-31.786381572662393, 245.9779026889376]","[60.60619943863246, 235.49792421370478]","[138.68485587606912, 166.24808377896204]","[-221.63462714704485, -98.81237254731226]","[79.58465637839019, -186.13595514808694]","[-23.61764888081075, -88.49389634970481]","[124.16675081478573, -35.721588083677396]","[23.9082607899133, -14.237509183316497]","[179.22829726366484, 124.96171393972409]","[-233.04117309155862, -71.92443881571293]","[-221.37848349917212, 93.01398799271787]","[-268.617582676775, 2.1992925652113477]","[-182.32081785355086, 206.636571255426]","[-204.68464648643575, 24.589550070013722]","[223.35836034319556, -258.7494821868454]","[-105.52524493271703, 15.142717223885873]","[72.06097161694434, -2.1525815688177414]","[53.73079159736789, 186.4260079163397]","[-206.9098291700444, 170.61108145159673]","[169.92740536968063, 202.8028719578465]","[-185.70290620385566, 250.5249304577351]","[-13.32730407954237, 264.107395940379]","[-213.1734404071891, 168.98013566489772]","[-178.18515065163885, 241.72137202256212]","[-106.59091463772015, 19.686309798811518]","[249.90658913560304, 24.98675075471067]","[158.63810708452857, 143.4842563184229]","[-203.46679365871196, 162.4246838468434]","[-31.73856619596025, 92.84607602756805]","[-8.262556936556908, -167.74154384169623]","[-185.3255979293466, -14.872835404996806]","[180.4531083279427, -284.1363064004799]","[72.2820181867923, 218.29095571315264]","[127.20815746092757, 66.36174868298141]","[96.35676437672507, 241.09046378648083]","[222.09758381191983, 246.1418417836112]","[188.80979226689834, -79.37662987187056]","[229.70132835608064, 39.737256132302974]","[-144.80943441534214, -155.97471387894683]","[55.45524542237898, -159.41645976793353]","[-182.5482737004852, -152.1487920380851]","[29.16332337767001, 78.06774612585964]","[-5.1669968421003505, -176.27137562453908]","[-156.30207033445532, 3.5494686440262457]","[142.69865809056412, -102.77891919781031]","[-22.197202896985374, 102.57441976606268]","[-87.70197883400044, 69.28754439238855]","[-87.40404883282696, -146.59085200392985]","[-10.640667461726748, -119.44001077811927]","[-143.71478611310962, 194.7969192720014]","[246.8530655334199, 212.86176460555828]","[19.086126715218796, -230.32601739063665]","[-117.24526657734292, 175.60600771988376]","[197.88624024459813, 214.59405860206294]","[191.0825094133737, -8.61062095760909]","[-79.3152367165846, -30.161669668370934]","[68.40764028296911, -178.28442574008767]","[-247.8058050597822, -52.55929010685412]","[249.21369153453827, -54.35102372448917]","[-187.15316793730446, 213.35938386603252]","[201.65445275251466, 209.3094894898095]","[-9.790392172149296, -53.21650398397801]","[-230.41438889636595, -168.2100463096234]","[106.19046948672855, 122.3117189314504]","[-35.4415455346701, 22.273514514669557]","[-204.0542873127306, -51.66209093539093]","[-40.64299505791756, 58.560680382359976]","[-170.3540745731686, -204.40894355131405]","[49.4982511344919, -62.5195217015759]","[-180.87410618130576, 157.0413475486327]","[-204.00121984570714, 22.70687007779418]","[-71.62475710862704, 377.7034565976622]","[32.9007242023253, 124.75972033082593]","[218.49484435180148, 34.253050282038686]","[8.135115559998425, -61.29359829412617]","[-202.18653330138432, 60.72133488744328]","[-117.8140143432027, 0.9745763605633093]","[-19.982481699243486, 194.62074380414356]","[-176.2641479293059, 229.53848920133427]","[-218.95312473303005, -137.79704854649563]","[199.19493309736265, -99.01915951698348]","[-172.54462950922874, 236.49699691791272]","[-165.88920164814198, -14.360844173182366]","[-6.684058642192775, 71.58804264305248]","[12.807828562144678, 172.07832977452557]","[-199.1583288003891, -31.74785001190633]","[34.706919654274174, -55.499692425134796]","[-189.43051973436212, 243.81005418528918]","[220.24547964983486, 116.23813154557965]","[-205.36831056039233, -120.74216896015542]","[-29.483727866466474, 189.4595967887173]","[141.2838549146174, 6.2941661859462705]","[4.276970941577167, -46.44212228164537]","[93.63802257179819, -141.97487571051414]","[-75.54996547666553, 147.3723537785208]","[19.509066204319208, -200.11125786768815]","[-239.32992851452644, 70.59779942842047]","[24.287954319333167, 217.47360526811997]","[-129.23492960726253, -54.42521272088672]","[-17.205058269516687, -86.30250112828855]","[-29.94766304127123, 243.61979505317046]","[157.30047058290342, -112.88491172119917]","[-193.3316527041759, 240.7927645240166]","[145.19057981417558, 153.92626413966536]","[-222.83968848399167, -93.78002229205241]"
"[-35.8148648329419, 246.51380856438635]","[70.20625631041284, 237.50107748391721]","[139.5663468094576, 165.08595358751452]","[-221.02711019918326, -97.89475311764464]","[78.18464292098487, -184.60547960326014]","[-23.907784097659935, -87.09872919809892]","[123.94793986930632, -35.24060478669115]","[23.061733098436974, -15.100016793945121]","[178.23574747412755, 123.47815854604644]","[-234.05647043412003, -72.40855772881686]","[-222.27428490011204, 92.81587959559886]","[-277.97787187183314, -14.475200286218964]","[-181.3229892539533, 206.0068646111213]","[-206.17845818281333, 22.683382415103758]","[200.33016304254073, -252.57389385898415]","[-108.57386211969887, 17.332768572088447]","[72.4481957320503, -3.609109375633799]","[55.2066011858016, 187.28877034083087]","[-205.7632848895249, 184.49608250872888]","[169.37865106830247, 201.06663886502133]","[-133.28775767454474, 268.85131394179297]","[-15.02381706436193, 262.972065622109]","[-213.22677860751588, 168.43377819512034]","[-108.17422898838348, 255.06267183436643]","[-106.42419560404471, 18.70771127479704]","[251.90234318722136, 23.622512152652064]","[157.9243781218402, 145.2548634171891]","[-199.1228844488044, 178.99170452649767]","[-30.4539555685039, 91.47544311973023]","[-9.819945888218585, -169.54797765268242]","[-185.02221601704417, -14.91250974158757]","[181.3720338038498, -285.6408504275619]","[71.52210992255559, 216.64045325277223]","[126.94489189096973, 65.92364635038966]","[95.05479912112166, 241.36730304950268]","[222.37474671246164, 245.4991115606598]","[187.07387373357554, -79.71193122968286]","[230.2786614631752, 37.86167686558947]","[-144.43713597967587, -154.70083723708078]","[53.7941202143053, -158.52629884829415]","[-181.11864977777998, -150.38282803981625]","[27.473711576198664, 79.83981026429817]","[-6.901860334923093, -176.10189269838176]","[-154.8158008042033, 3.574444491481984]","[142.69865809056412, -101.18738548124499]","[-22.197202896985374, 102.57441976606268]","[-87.70197883400044, 69.28754439238855]","[-87.40404883282696, -146.59085200392985]","[-10.640667461726748, -119.44001077811927]","[-143.71478611310962, 194.7969192720014]","[246.8530655334199, 212.86176460555828]","[19.086126715218796, -230.32601739063665]","[-117.24526657734292, 175.60600771988376]","[197.88624024459813, 214.59405860206294]","[191.0825094133737, -8.61062095760909]","[-79.3152367165846, -30.161669668370934]","[68.40764028296911, -178.28442574008767]","[-247.8058050597822, -52.55929010685412]","[249.21369153453827, -54.35102372448917]","[-187.15316793730446, 213.35938386603252]","[201.65445275251466, 209.3094894898095]","[-9.790392172149296, -53.21650398397801]","[-230.41438889636595, -168.2100463096234]","[106.19046948672855, 122.3117189314504]","[-35.4415455346701, 22.273514514669557]","[-204.0542873127306, -51.66209093539093]","[-40.64299505791756, 58.560680382359976]","[-170.3540745731686, -204.40894355131405]","[49.4982511344919, -62.5195217015759]","[-180.87410618130576, 157.0413475486327]","[-204.00121984570714, 22.70687007779418]","[-71.62475710862704, 377.7034565976622]","[32.9007242023253, 124.75972033082593]","[218.49484435180148, 34.253050282038686]","[8.135115559998425, -61.29359829412617]","[-202.18653330138432, 60.72133488744328]","[-117.8140143432027, 0.9745763605633093]","[-19.982481699243486, 194.62074380414356]","[-176.2641479293059, 229.53848920133427]","[-218.95312473303005, -137.79704854649563]","[199.19493309736265, -99.01915951698348]","[-172.54462950922874, 236.49699691791272]","[-165.88920164814198, -14.360844173182366]","[-6.684058642192775, 71.58804264305248]","[12.807828562144678, 172.07832977452557]","[-199.1583288003891, -31.74785001190633]","[34.706919654274174, -55.499692425134796]","[-221.62025053423002, 238.1423273811037]","[220.24547964983486, 116.23813154557965]","[-205.36831056039233, -120.74216896015542]","[-29.483727866466474, 189.4595967887173]","[141.2838549146174, 6.2941661859462705]","[4.276970941577167, -46.44212228164537]","[93.63802257179819, -141.97487571051414]","[-75.54996547666553, 147.3723537785208]","[19.509066204319208, -200.11125786768815]","[-239.32992851452644, 70.59779942842047]","[24.287954319333167, 217.47360526811997]","[-129.23492960726253, -54.42521272088672]","[-17.205058269516687, -86.30250112828855]","[56.77864043669338, 239.36424937177713]","[220.33996214131926, -253.43471261215961]","[-68.54157291862013, 268.3416218119806]","[66.96688051506338, 188.9930453758131]","[-102.61276419098584, 15.709618849899888]"
"[-35.8148648329419, 246.51380856438635]","[135.61711966268933, 151.46267621503893]","[139.5663468094576, 165.08595358751452]","[-221.02711019918326, -97.89475311764464]","[78.18464292098487, -184.60547960326014]","[-23.907784097659935, -87.09872919809892]","[123.94793986930632, -35.24060478669115]","[23.061733098436974, -15.100016793945121]","[178.23574747412755, 123.47815854604644]","[-234.05647043412003, -72.40855772881686]","[-222.27428490011204, 92.81587959559886]","[-277.97787187183314, -14.475200286218964]","[-181.3229892539533, 206.0068646111213]","[-206.17845818281333, 22.683382415103758]","[110.79594260642055, -231.61372074012758]","[-129.72982540655062, 30.120187442989067]","[72.4481957320503, -3.609109375633799]","[55.2066011858016, 187.28877034083087]","[-205.7632848895249, 184.49608250872888]","[169.37865106830247, 201.06663886502133]","[-133.28775767454474, 268.85131394179297]","[-15.02381706436193, 262.972065622109]","[-213.22677860751588, 168.43377819512034]","[-108.17422898838348, 255.06267183436643]","[-106.42419560404471, 18.70771127479704]","[251.90234318722136, 23.622512152652064]","[157.9243781218402, 145.2548634171891]","[-199.1228844488044, 178.99170452649767]","[-30.4539555685039, 91.47544311973023]","[-9.819945888218585, -169.54797765268242]","[-185.02221601704417, -14.91250974158757]","[181.3720338038498, -285.6408504275619]","[71.52210992255559, 216.64045325277223]","[126.94489189096973, 65.92364635038966]","[95.05479912112166, 241.36730304950268]","[222.37474671246164, 245.4991115606598]","[187.07387373357554, -79.71193122968286]","[230.2786614631752, 37.86167686558947]","[-144.43713597967587, -154.70083723708078]","[36.9768200782733, -129.16384677781406]","[-181.11864977777998, -150.38282803981625]","[27.473711576198664, 79.83981026429817]","[-6.901860334923093, -176.10189269838176]","[-154.8158008042033, 3.574444491481984]","[141.2631671427667, -101.18738548124499]","[-21.569803028666527, 101.46416611906552]","[-89.23388696281864, 71.07334186476986]","[-85.87696014341, -145.57225436774485]","[-8.801242523430254, -119.59601136939747]","[-144.04451359965282, 194.52139315919135]","[248.39184123948445, 212.40093572399275]","[17.36276883863783, -232.24992727202923]","[-115.68653375557449, 173.80891492659282]","[197.5628875284435, 215.2574249021567]","[189.26807802307252, -6.956558273864047]","[-77.73865656733844, -28.441745562387794]","[68.35479204336265, -179.91187713007355]","[-248.5697052897723, -50.90289420262022]","[247.40300695781136, -54.27607025742049]","[-187.531073404578, 212.19066331962446]","[200.0932915139926, 207.7781026484372]","[-7.917228179974263, -55.08998143779519]","[-230.88777020983713, -166.49232114187902]","[107.7445817361253, 121.96225161015269]","[-35.87070669533692, 22.740492447154537]","[-205.8983635775501, -50.067191505578386]","[-39.80858574236836, 56.767984036103606]","[-168.96107796285807, -202.47298644001015]","[49.86881112668664, -61.52808155344095]","[-182.0956564622742, 156.31595425538873]","[-205.4171913919488, 21.752821975284302]","[-72.76983150303455, 378.9127760515034]","[34.39621166606736, 126.56698034586347]","[216.53608138111827, 32.900916203949535]","[6.823075358180171, -61.57967094385918]","[-203.5131939059927, 60.9359410186907]","[-116.896469540621, 2.200693467861641]","[-21.845321776481825, 193.8307776134228]","[-177.7959164912696, 227.84749441143325]","[-217.2024878848488, -138.65977981564012]","[200.65833914724277, -99.29275767684636]","[-171.02393085055732, 234.58083076492727]","[-164.26217546113776, -16.097376605581307]","[-6.855915298585318, 69.74962185932254]","[11.162729860423983, 170.30916294609492]","[-200.79536134116213, -32.083569887927105]","[34.102688729468454, -56.93149662627729]","[-327.1258885056838, 217.65533699542985]","[220.02936508846372, 116.06713752492418]","[-203.79414285859198, -118.86681300379885]","[-29.483727866466474, 189.4595967887173]","[141.2838549146174, 6.2941661859462705]","[4.276970941577167, -46.44212228164537]","[93.63802257179819, -141.97487571051414]","[-75.54996547666553, 147.3723537785208]","[19.509066204319208, -200.11125786768815]","[-239.32992851452644, 70.59779942842047]","[24.287954319333167, 217.47360526811997]","[-129.23492960726253, -54.42521272088672]","[-17.205058269516687, -86.30250112828855]","[167.90877374503108, 113.81328514651337]","[58.15363902541268, -162.90216947417917]","[-232.49809086775613, 234.2273415386881]","[15.077402018434835, -20.56833341491578]","[-213.76959949079395, -88.19221428933919]"
"[-35.8148648329419, 246.51380856438635]","[205.88915045757562, 56.74480909477961]","[139.5663468094576, 165.08595358751452]","[-221.02711019918326, -97.89475311764464]","[78.18464292098487, -184.60547960326014]","[-24.306748527374594, -91.40623050603558]","[123.94793986930632, -35.24060478669115]","[23.061733098436974, -15.100016793945121]","[178.23574747412755, 123.47815854604644]","[-290.3880509221666, -9.527684884606956]","[-222.27428490011204, 92.81587959559886]","[-277.97787187183314, -14.475200286218964]","[-181.3229892539533, 206.0068646111213]","[-206.6853741452275, 23.3030237539495]","[18.41482033526574, -209.72524620936366]","[-151.93247952672215, 43.61039848537611]","[72.4481957320503, -3.609109375633799]","[55.2066011858016, 187.28877034083087]","[-197.13997856646426, 213.07934171700614]","[169.37865106830247, 201.06663886502133]","[-133.28775767454474, 268.85131394179297]","[-15.02381706436193, 262.972065622109]","[-204.7296557990769, 152.56492565816524]","[-108.17422898838348, 255.06267183436643]","[-106.42419560404471, 18.70771127479704]","[251.90234318722136, 23.622512152652064]","[157.9243781218402, 145.2548634171891]","[-199.1228844488044, 178.99170452649767]","[-30.4539555685039, 91.47544311973023]","[-9.819945888218585, -169.54797765268242]","[-185.02221601704417, -14.91250974158757]","[181.3720338038498, -285.6408504275619]","[71.52210992255559, 216.64045325277223]","[126.94489189096973, 65.92364635038966]","[95.05479912112166, 241.36730304950268]","[222.37474671246164, 245.4991115606598]","[187.07387373357554, -79.71193122968286]","[230.2786614631752, 37.86167686558947]","[-144.43713597967587, -154.70083723708078]","[-7.879305460138468, -56.45163802835116]","[-181.11864977777998, -150.38282803981625]","[27.473711576198664, 79.83981026429817]","[-6.901860334923093, -176.10189269838176]","[-154.8158008042033, 3.574444491481984]","[141.2631671427667, -101.18738548124499]","[-21.569803028666527, 101.46416611906552]","[-89.23388696281864, 71.07334186476986]","[-85.87696014341, -145.57225436774485]","[-8.801242523430254, -119.59601136939747]","[-144.04451359965282, 194.52139315919135]","[248.39184123948445, 212.40093572399275]","[17.36276883863783, -232.24992727202923]","[-115.68653375557449, 173.80891492659282]","[197.5628875284435, 215.2574249021567]","[189.26807802307252, -6.956558273864047]","[-77.73865656733844, -28.441745562387794]","[68.35479204336265, -179.91187713007355]","[-248.5697052897723, -50.90289420262022]","[247.40300695781136, -54.27607025742049]","[-187.531073404578, 212.19066331962446]","[200.0932915139926, 207.7781026484372]","[-7.176474583568881, -50.46068638914143]","[-230.88777020983713, -166.49232114187902]","[107.7445817361253, 121.96225161015269]","[-35.87070669533692, 22.740492447154537]","[-205.8983635775501, -50.067191505578386]","[-39.80858574236836, 56.767984036103606]","[-168.96107796285807, -202.47298644001015]","[49.86881112668664, -61.52808155344095]","[-182.0956564622742, 156.31595425538873]","[-205.4171913919488, 21.752821975284302]","[-72.76983150303455, 378.9127760515034]","[34.39621166606736, 126.56698034586347]","[216.53608138111827, 32.900916203949535]","[6.823075358180171, -61.57967094385918]","[-203.5131939059927, 60.9359410186907]","[-116.896469540621, 2.200693467861641]","[-21.845321776481825, 193.8307776134228]","[-177.7959164912696, 227.84749441143325]","[-217.2024878848488, -138.65977981564012]","[200.65833914724277, -99.29275767684636]","[-171.02393085055732, 234.58083076492727]","[-164.26217546113776, -16.097376605581307]","[-6.855915298585318, 69.74962185932254]","[11.162729860423983, 170.30916294609492]","[-200.79536134116213, -32.083569887927105]","[34.102688729468454, -56.93149662627729]","[-327.1258885056838, 217.65533699542985]","[220.02936508846372, 116.06713752492418]","[-203.79414285859198, -118.86681300379885]","[-29.051170042214952, 189.34412391547718]","[140.4331210471, 5.3075373762165565]","[3.562287802557947, -45.553127839901975]","[95.30338723415265, -143.2919155155375]","[-75.7113275437867, 146.52564258663537]","[17.691360171995818, -198.61000632676988]","[-239.02674344700492, 71.39769940243959]","[24.937406788393766, 218.31331459848906]","[-129.791062771229, -53.48999511729066]","[-17.896197281767446, -85.95261481593803]","[-29.71345106034451, 129.82640975698567]","[-22.192906148287754, -88.42152790662597]","[-176.61894056547368, 221.89674369376417]","[28.825877842800633, 2.1335793703174804]","[-225.87244525822322, 47.47443283347608]"
"[-37.779331718979826, 246.44950334413605]","[218.05130756533174, 41.41837862125877]","[140.44783774284608, 163.923823396067]","[-220.41959325132166, -96.97713368797702]","[76.78462946357955, -183.07500405843334]","[-25.354252821612405, -97.13487842751633]","[123.72912892382692, -34.759621489704905]","[22.21520540696065, -15.962524404573745]","[177.24319768459026, 121.9946031523688]","[-310.6074217367254, 13.257609515784265]","[-223.17008630105195, 92.61777119847984]","[-276.74758665088757, -15.473481113228896]","[-180.32516065435573, 205.3771579668166]","[-208.1791858416051, 21.396856099039532]","[-22.8775559065705, -198.83187512445534]","[-160.7391797388574, 49.59163049762059]","[72.83541984715625, -5.065637182449857]","[56.682410774235315, 188.15153276532203]","[-187.42299253667235, 247.07067001323952]","[168.82989676692432, 199.33040577219617]","[-134.8254770716866, 269.3780285509674]","[-16.72033004918149, 264.107395940379]","[-209.4563676058667, 137.56396036594666]","[-106.88011639678619, 256.1199171018916]","[-106.25747657036928, 17.729112750782566]","[249.90658913560304, 22.258273550593458]","[157.2106491591518, 147.02547051595533]","[-199.8214447816719, 178.05204624235725]","[-29.16934494104755, 90.10481021189241]","[-11.377334839880263, -171.3544114636686]","[-184.71883410474175, -14.952184078178334]","[182.29095927975692, -284.1363064004799]","[70.76220165831887, 214.98995079239182]","[126.68162632101189, 65.4855440177979]","[93.75283386551826, 241.64414231252454]","[222.65190961300345, 244.8563813377084]","[187.07387373357554, -79.71193122968286]","[230.2786614631752, 37.86167686558947]","[-144.43713597967587, -154.70083723708078]","[-30.735773818149504, -33.25041666381033]","[-181.11864977777998, -150.38282803981625]","[27.473711576198664, 79.83981026429817]","[-6.901860334923093, -176.10189269838176]","[-154.8158008042033, 3.574444491481984]","[141.2631671427667, -101.18738548124499]","[-21.569803028666527, 101.46416611906552]","[-89.23388696281864, 71.07334186476986]","[-85.87696014341, -145.57225436774485]","[-8.801242523430254, -119.59601136939747]","[-144.04451359965282, 194.52139315919135]","[248.39184123948445, 212.40093572399275]","[17.36276883863783, -232.24992727202923]","[-115.68653375557449, 173.80891492659282]","[197.5628875284435, 215.2574249021567]","[189.26807802307252, -6.956558273864047]","[-77.73865656733844, -28.441745562387794]","[68.35479204336265, -179.91187713007355]","[-248.5697052897723, -50.90289420262022]","[247.40300695781136, -54.27607025742049]","[-187.531073404578, 212.19066331962446]","[200.0932915139926, 207.7781026484372]","[-3.8338200122260417, -30.27102513106312]","[-230.88777020983713, -166.49232114187902]","[107.7445817361253, 121.96225161015269]","[-35.87070669533692, 22.740492447154537]","[-205.8983635775501, -50.067191505578386]","[-39.80858574236836, 56.767984036103606]","[-168.96107796285807, -202.47298644001015]","[49.86881112668664, -61.52808155344095]","[-182.0956564622742, 156.31595425538873]","[-205.4171913919488, 21.752821975284302]","[-72.76983150303455, 378.9127760515034]","[34.39621166606736, 126.56698034586347]","[216.53608138111827, 32.900916203949535]","[6.823075358180171, -61.57967094385918]","[-203.5131939059927, 60.9359410186907]","[-116.896469540621, 2.200693467861641]","[-21.845321776481825, 193.8307776134228]","[-177.7959164912696, 227.84749441143325]","[-217.2024878848488, -138.65977981564012]","[200.65833914724277, -99.29275767684636]","[-171.02393085055732, 234.58083076492727]","[-164.26217546113776, -16.097376605581307]","[-6.855915298585318, 69.74962185932254]","[11.162729860423983, 170.30916294609492]","[-200.79536134116213, -32.083569887927105]","[34.102688729468454, -56.93149662627729]","[-327.1258885056838, 217.65533699542985]","[220.02936508846372, 116.06713752492418]","[-203.79414285859198, -118.86681300379885]","[-29.051170042214952, 189.34412391547718]","[140.4331210471, 5.3075373762165565]","[3.562287802557947, -45.553127839901975]","[95.30338723415265, -143.2919155155375]","[-75.7113275437867, 146.52564258663537]","[17.691360171995818, -198.61000632676988]","[-239.02674344700492, 71.39769940243959]","[24.937406788393766, 218.31331459848906]","[-129.791062771229, -53.48999511729066]","[-17.896197281767446, -85.95261481593803]","[-238.53733058219726, 145.95115662803968]","[73.29416435897089, -192.64881223374573]","[-29.50205519605983, 256.37300719484244]","[69.99802321600613, 194.2630721574519]","[-226.11462573842957, 88.11618486909076]"
"[-135.1991103021133, 193.18568654374022]","[218.05130756533174, 41.41837862125877]","[140.44783774284608, 163.923823396067]","[-220.41959325132166, -96.97713368797702]","[76.78462946357955, -183.07500405843334]","[-25.354252821612405, -97.13487842751633]","[123.72912892382692, -34.759621489704905]","[22.21520540696065, -15.962524404573745]","[177.24319768459026, 121.9946031523688]","[-310.6074217367254, 13.257609515784265]","[-223.17008630105195, 92.61777119847984]","[-276.74758665088757, -15.473481113228896]","[-180.32516065435573, 205.3771579668166]","[-208.1791858416051, 21.396856099039532]","[-22.8775559065705, -198.83187512445534]","[-160.7391797388574, 49.59163049762059]","[72.83541984715625, -5.065637182449857]","[56.682410774235315, 188.15153276532203]","[-187.42299253667235, 247.07067001323952]","[168.82989676692432, 199.33040577219617]","[-134.8254770716866, 269.3780285509674]","[-16.72033004918149, 264.107395940379]","[-209.4563676058667, 137.56396036594666]","[-106.88011639678619, 256.1199171018916]","[-106.25747657036928, 17.729112750782566]","[249.90658913560304, 22.258273550593458]","[157.2106491591518, 147.02547051595533]","[-199.8214447816719, 178.05204624235725]","[-29.16934494104755, 90.10481021189241]","[-11.377334839880263, -171.3544114636686]","[-184.71883410474175, -14.952184078178334]","[182.29095927975692, -284.1363064004799]","[70.76220165831887, 214.98995079239182]","[126.68162632101189, 65.4855440177979]","[93.75283386551826, 241.64414231252454]","[222.65190961300345, 244.8563813377084]","[185.33795520025274, -80.04723258749516]","[230.8559945702698, 35.98609759887597]","[-144.0648375440096, -153.42696059521472]","[-35.124104066284886, -29.621318543796672]","[-179.68902585507476, -148.6168640415474]","[25.784099774727316, 81.61187440273669]","[-8.636723827745836, -175.93240977222445]","[-153.32953127395126, 3.5994203389377226]","[139.82767619496926, -99.59585176467967]","[-20.94240316034768, 100.35391247206837]","[-90.76579509163685, 72.85913933715116]","[-84.34987145399305, -144.55365673155984]","[-6.96181758513376, -119.75201196067567]","[-144.374241086196, 194.2458670463813]","[249.930616945549, 211.9401068424272]","[15.639410962056864, -234.1738371534218]","[-114.12780093380606, 172.01182213330188]","[197.23953481228887, 215.92079120225048]","[187.45364663277132, -5.302495590119005]","[-76.16207641809228, -26.721821456404655]","[68.30194380375619, -181.53932852005943]","[-249.3336055197624, -49.246498298386314]","[245.59232238108444, -54.20111679035182]","[-187.90897887185153, 211.0219427732164]","[198.53213027547054, 206.2467158070649]","[0.019957780094926658, -20.185656312694565]","[-231.3611515233083, -164.77459597413463]","[109.29869398552205, 121.61278428885498]","[-36.29986785600374, 23.207470379639517]","[-207.7424398423696, -48.47229207576584]","[-38.974176426819156, 54.975287689847235]","[-167.56808135254755, -200.53702932870624]","[50.23937111888137, -60.536641405306]","[-183.31720674324265, 155.59056096214476]","[-206.75869144711237, 21.437119108524477]","[-73.91490589744207, 377.7034565976622]","[35.89169912980942, 128.374240360901]","[214.57731841043505, 31.548782125860384]","[5.511035156361917, -61.865743593592185]","[-204.83985451060107, 61.15054714993812]","[-115.9789247380393, 3.426810575159973]","[-23.708161853720163, 193.04081142270206]","[-179.3276850532333, 226.15649962153222]","[-217.2024878848488, -138.65977981564012]","[200.65833914724277, -99.29275767684636]","[-171.02393085055732, 234.58083076492727]","[-164.26217546113776, -16.097376605581307]","[-6.855915298585318, 69.74962185932254]","[11.162729860423983, 170.30916294609492]","[-200.79536134116213, -32.083569887927105]","[34.102688729468454, -56.93149662627729]","[-327.1258885056838, 217.65533699542985]","[220.02936508846372, 116.06713752492418]","[-203.79414285859198, -118.86681300379885]","[-29.051170042214952, 189.34412391547718]","[140.4331210471, 5.3075373762165565]","[3.562287802557947, -45.553127839901975]","[95.30338723415265, -143.2919155155375]","[25.061111853533447, 120.39080199539171]","[17.691360171995818, -198.61000632676988]","[-239.02674344700492, 71.39769940243959]","[24.937406788393766, 218.31331459848906]","[-129.791062771229, -53.48999511729066]","[-17.896197281767446, -85.95261481593803]","[-153.91626122869764, 163.40437727378315]","[125.16717397667894, -21.00275904678779]","[-192.86648482368753, 176.81992386958686]","[142.59782929048097, 162.63767361871194]","[-349.2536874347698, -33.19178310604588]"
"[-270.3089023375661, 120.00963677001907]","[218.05130756533174, 41.41837862125877]","[140.44783774284608, 163.923823396067]","[-220.41959325132166, -96.97713368797702]","[76.78462946357955, -183.07500405843334]","[-25.354252821612405, -97.13487842751633]","[123.72912892382692, -34.759621489704905]","[22.21520540696065, -15.962524404573745]","[177.24319768459026, 121.9946031523688]","[-310.6074217367254, 13.257609515784265]","[-223.17008630105195, 92.61777119847984]","[-276.74758665088757, -15.473481113228896]","[-180.32516065435573, 205.3771579668166]","[-208.76013305654163, 21.3803734651621]","[-22.8775559065705, -198.83187512445534]","[-160.7391797388574, 49.59163049762059]","[72.83541984715625, -5.065637182449857]","[56.682410774235315, 188.15153276532203]","[-187.42299253667235, 247.07067001323952]","[168.82989676692432, 199.33040577219617]","[-134.8254770716866, 269.3780285509674]","[-16.72033004918149, 264.107395940379]","[-209.4563676058667, 137.56396036594666]","[-106.88011639678619, 256.1199171018916]","[-106.25747657036928, 17.729112750782566]","[249.90658913560304, 22.258273550593458]","[157.2106491591518, 147.02547051595533]","[-199.8214447816719, 178.05204624235725]","[-29.16934494104755, 90.10481021189241]","[-11.377334839880263, -171.3544114636686]","[-184.71883410474175, -14.952184078178334]","[182.29095927975692, -284.1363064004799]","[70.76220165831887, 214.98995079239182]","[126.68162632101189, 65.4855440177979]","[93.75283386551826, 241.64414231252454]","[222.65190961300345, 244.8563813377084]","[185.33795520025274, -80.04723258749516]","[230.8559945702698, 35.98609759887597]","[-144.0648375440096, -153.42696059521472]","[-35.124104066284886, -29.621318543796672]","[-179.68902585507476, -148.6168640415474]","[25.784099774727316, 81.61187440273669]","[-8.636723827745836, -175.93240977222445]","[-132.7542191431309, 13.943778387711621]","[139.82767619496926, -99.59585176467967]","[-20.94240316034768, 100.35391247206837]","[-90.76579509163685, 72.85913933715116]","[-84.34987145399305, -144.55365673155984]","[-6.96181758513376, -119.75201196067567]","[-144.374241086196, 194.2458670463813]","[249.930616945549, 211.9401068424272]","[15.639410962056864, -234.1738371534218]","[-114.12780093380606, 172.01182213330188]","[197.23953481228887, 215.92079120225048]","[187.45364663277132, -5.302495590119005]","[-76.16207641809228, -26.721821456404655]","[68.30194380375619, -181.53932852005943]","[-249.3336055197624, -49.246498298386314]","[245.59232238108444, -54.20111679035182]","[-187.90897887185153, 211.0219427732164]","[198.53213027547054, 206.2467158070649]","[0.019957780094926658, -20.185656312694565]","[-231.3611515233083, -164.77459597413463]","[109.29869398552205, 121.61278428885498]","[-36.29986785600374, 23.207470379639517]","[-207.7424398423696, -48.47229207576584]","[-38.974176426819156, 54.975287689847235]","[-167.56808135254755, -200.53702932870624]","[50.23937111888137, -60.536641405306]","[-183.31720674324265, 155.59056096214476]","[-206.75869144711237, 21.437119108524477]","[-73.91490589744207, 377.7034565976622]","[35.89169912980942, 128.374240360901]","[214.57731841043505, 31.548782125860384]","[5.511035156361917, -61.865743593592185]","[-204.83985451060107, 61.15054714993812]","[-115.9789247380393, 3.426810575159973]","[-23.708161853720163, 193.04081142270206]","[-179.3276850532333, 226.15649962153222]","[-215.45185103666756, -139.5225110847846]","[202.1217451971229, -99.56635583670925]","[-169.5032321918859, 232.66466461194182]","[-162.63514927413354, -17.833909037980245]","[-7.027771954977861, 67.91120107559261]","[9.517631158703288, 168.53999611766426]","[-202.43239388193516, -32.41928976394788]","[33.498457804662735, -58.36330082741978]","[-325.8727303117912, 218.51033945839754]","[219.81325052709258, 115.89614350426871]","[-202.21997515679163, -116.99145704744228]","[-28.61861221796343, 189.22865104223706]","[139.5823871795826, 4.3209085664868425]","[2.8476046635387275, -44.66413339815858]","[96.96875189650711, -144.60895532056088]","[76.66645486643938, 106.0485585409276]","[15.873654139672428, -197.1087547858516]","[-238.7235583794834, 72.1975993764587]","[25.586859257454364, 219.15302392885815]","[-130.3471959351955, -52.5547775136946]","[-18.587336294018204, -85.60272850358751]","[123.2327341776197, 91.22456671555248]","[101.73802498620842, -74.52882413291387]","[-102.95324203836222, 214.29539220531163]","[29.629880430866073, 192.7683123615599]","[-248.2044874185801, -14.776952993595325]"
"[-326.0081451381475, 89.03259398227469]","[218.7528724213841, 41.61833735456386]","[141.32932867623455, 162.7616932046195]","[-219.81207630346006, -96.05951425830939]","[75.38461600617423, -181.54452851360654]","[-25.64438803846159, -95.73971127591044]","[123.51031797834752, -34.27863819271866]","[29.390676777331965, -2.8510445451210336]","[176.25064789505296, 120.51104775869115]","[-311.6227190792868, 12.773490602680337]","[-224.06588770199187, 92.41966280136083]","[-277.97787187183314, -16.471761940238828]","[-179.32733205475816, 204.74745132251192]","[-210.2539447529192, 19.474205810252137]","[-21.171607094223816, -197.9435303678817]","[-159.08097293869977, 49.25380198379925]","[73.2226439622622, -6.522164989265914]","[58.15822036266903, 189.0142951898132]","[-189.34726201358848, 245.40591457569488]","[168.28114246554617, 197.594172679371]","[-141.44439463624556, 269.4280582702938]","[-18.41684303400105, 262.972065622109]","[-209.50970580619347, 137.01760289616928]","[-105.58600380518891, 255.06267183436643]","[-106.09075753669384, 16.75051422676809]","[247.91083508398472, 20.894034948534852]","[156.49692019646344, 148.79607761472155]","[-200.52000511453937, 177.11238795821683]","[-27.884734313591203, 88.7341773040546]","[-11.377334839880263, -171.3544114636686]","[-184.71883410474175, -14.952184078178334]","[182.29095927975692, -284.1363064004799]","[70.76220165831887, 214.98995079239182]","[126.68162632101189, 65.4855440177979]","[93.75283386551826, 241.64414231252454]","[222.65190961300345, 244.8563813377084]","[185.33795520025274, -80.04723258749516]","[230.8559945702698, 35.98609759887597]","[-144.0648375440096, -153.42696059521472]","[-35.124104066284886, -29.621318543796672]","[-179.68902585507476, -148.6168640415474]","[25.784099774727316, 81.61187440273669]","[-8.636723827745836, -175.93240977222445]","[-13.381991076379027, 74.38237158827607]","[139.82767619496926, -99.59585176467967]","[-20.94240316034768, 100.35391247206837]","[-90.76579509163685, 72.85913933715116]","[-84.34987145399305, -144.55365673155984]","[-6.96181758513376, -119.75201196067567]","[-144.374241086196, 194.2458670463813]","[249.930616945549, 211.9401068424272]","[15.639410962056864, -234.1738371534218]","[-114.12780093380606, 172.01182213330188]","[197.23953481228887, 215.92079120225048]","[187.45364663277132, -5.302495590119005]","[-76.16207641809228, -26.721821456404655]","[68.30194380375619, -181.53932852005943]","[-249.3336055197624, -49.246498298386314]","[245.59232238108444, -54.20111679035182]","[-187.90897887185153, 211.0219427732164]","[198.53213027547054, 206.2467158070649]","[0.019957780094926658, -20.185656312694565]","[-231.3611515233083, -164.77459597413463]","[109.29869398552205, 121.61278428885498]","[-36.29986785600374, 23.207470379639517]","[-207.7424398423696, -48.47229207576584]","[-38.974176426819156, 54.975287689847235]","[-167.56808135254755, -200.53702932870624]","[50.23937111888137, -60.536641405306]","[-183.31720674324265, 155.59056096214476]","[-206.75869144711237, 21.437119108524477]","[-73.91490589744207, 377.7034565976622]","[35.89169912980942, 128.374240360901]","[214.57731841043505, 31.548782125860384]","[5.511035156361917, -61.865743593592185]","[-204.83985451060107, 61.15054714993812]","[-115.9789247380393, 3.426810575159973]","[-23.708161853720163, 193.04081142270206]","[-179.3276850532333, 226.15649962153222]","[-215.45185103666756, -139.5225110847846]","[202.1217451971229, -99.56635583670925]","[-169.5032321918859, 232.66466461194182]","[-187.00754466619256, -41.41954324399779]","[-7.027771954977861, 67.91120107559261]","[9.517631158703288, 168.53999611766426]","[-202.43239388193516, -32.41928976394788]","[33.498457804662735, -58.36330082741978]","[-325.8727303117912, 218.51033945839754]","[219.81325052709258, 115.89614350426871]","[-202.21997515679163, -116.99145704744228]","[-28.61861221796343, 189.22865104223706]","[139.5823871795826, 4.3209085664868425]","[2.8476046635387275, -44.66413339815858]","[96.96875189650711, -144.60895532056088]","[76.66645486643938, 106.0485585409276]","[15.873654139672428, -197.1087547858516]","[-238.7235583794834, 72.1975993764587]","[25.586859257454364, 219.15302392885815]","[-130.3471959351955, -52.5547775136946]","[-18.587336294018204, -85.60272850358751]","[65.87919193075733, 252.4346835629386]","[123.87033413128174, -246.2198973947437]","[-96.67569913554613, 262.1880404181836]","[22.605109391110826, -13.085132785622635]","[-147.19863203390614, 3.5118039651221067]"
"[-326.0081451381475, 89.03259398227469]","[218.7528724213841, 41.61833735456386]","[141.32932867623455, 162.7616932046195]","[-219.81207630346006, -96.05951425830939]","[75.38461600617423, -181.54452851360654]","[-25.64438803846159, -95.73971127591044]","[123.51031797834752, -34.27863819271866]","[111.88405242397162, 122.98472852143753]","[176.25064789505296, 120.51104775869115]","[-311.6227190792868, 12.773490602680337]","[-224.06588770199187, 92.41966280136083]","[-277.97787187183314, -16.471761940238828]","[-179.32733205475816, 204.74745132251192]","[-210.2539447529192, 19.474205810252137]","[-21.171607094223816, -197.9435303678817]","[-159.08097293869977, 49.25380198379925]","[73.2226439622622, -6.522164989265914]","[58.15822036266903, 189.0142951898132]","[-189.34726201358848, 245.40591457569488]","[168.28114246554617, 197.594172679371]","[-268.35443804812513, 287.87605350477367]","[-18.41684303400105, 262.972065622109]","[-209.50970580619347, 137.01760289616928]","[-105.58600380518891, 255.06267183436643]","[-106.09075753669384, 16.75051422676809]","[247.91083508398472, 20.894034948534852]","[156.49692019646344, 148.79607761472155]","[-200.52000511453937, 177.11238795821683]","[-27.884734313591203, 88.7341773040546]","[-12.93472379154194, -173.1608452746548]","[-184.41545219243932, -14.991858414769098]","[183.20988475566404, -285.6408504275619]","[70.00229339408216, 213.33944833201141]","[126.41836075105405, 65.04744168520615]","[92.45086860991485, 241.9209815755464]","[222.92907251354526, 244.213651114757]","[183.60203666692993, -80.38253394530746]","[231.43332767736436, 34.11051833216247]","[-143.69253910834334, -152.15308395334867]","[-36.785229274358564, -28.731157624157298]","[-178.25940193236954, -146.85090004327853]","[24.09448797325597, 83.38393854117521]","[-10.37158732056858, -175.76292684606713]","[31.279749948174317, 96.3276988783427]","[138.39218524717182, -98.00431804811434]","[-20.315003292028834, 99.24365882507122]","[-92.29770322045505, 74.64493680953247]","[-82.82278276457609, -143.53505909537483]","[-5.122392646837266, -119.90801255195387]","[-144.7039685727392, 193.97034093357126]","[251.46939265161353, 211.47927796086168]","[13.916053085475898, -236.09774703481438]","[-112.56906811203763, 170.21472934001093]","[196.91618209613424, 216.58415750234425]","[185.63921524247013, -3.6484329063739622]","[-74.58549626884613, -25.001897350421515]","[68.24909556414973, -183.1667799100453]","[-250.0975057497525, -47.59010239415241]","[243.78163780435753, -54.126163323283144]","[-188.28688433912507, 209.85322222680836]","[196.97096903694847, 204.7153289656926]","[1.8931217722699598, -22.05913376651175]","[-231.8345328367795, -163.05687080639024]","[107.46785423358705, 121.94449068397638]","[-36.729029016670566, 23.674448312124497]","[-209.5865161071891, -46.8773926459533]","[-38.139767111269954, 53.182591343590865]","[-166.17508474223703, -198.60107221740233]","[50.60993111107611, -59.54520125717105]","[-184.5387570242111, 154.8651676689008]","[-208.68335984715415, 21.104894940882797]","[-75.05998029184958, 378.9127760515034]","[37.387186593551476, 130.18150037593855]","[212.61855543975184, 30.196648047771234]","[5.511035156361917, -61.865743593592185]","[-204.83985451060107, 61.15054714993812]","[-115.9789247380393, 3.426810575159973]","[-23.708161853720163, 193.04081142270206]","[-179.3276850532333, 226.15649962153222]","[-215.45185103666756, -139.5225110847846]","[202.1217451971229, -99.56635583670925]","[-169.5032321918859, 232.66466461194182]","[-299.7885767029088, -141.3380618442763]","[-7.027771954977861, 67.91120107559261]","[9.517631158703288, 168.53999611766426]","[-202.43239388193516, -32.41928976394788]","[33.498457804662735, -58.36330082741978]","[-325.8727303117912, 218.51033945839754]","[219.81325052709258, 115.89614350426871]","[-202.21997515679163, -116.99145704744228]","[-28.61861221796343, 189.22865104223706]","[139.5823871795826, 4.3209085664868425]","[2.8476046635387275, -44.66413339815858]","[96.96875189650711, -144.60895532056088]","[76.66645486643938, 106.0485585409276]","[15.873654139672428, -197.1087547858516]","[-238.7235583794834, 72.1975993764587]","[25.586859257454364, 219.15302392885815]","[-130.3471959351955, -52.5547775136946]","[-18.587336294018204, -85.60272850358751]","[-71.81295467808133, 219.25860404973292]","[136.17109538869775, -248.3891305333119]","[-164.00474174699545, 276.3078431663529]","[114.94075055825269, 128.55926894054554]","[-247.86698965913854, -94.55733566443848]"
"[-326.0081451381475, 89.03259398227469]","[218.7528724213841, 41.61833735456386]","[147.81332421851465, 173.8272499716811]","[-219.81207630346006, -96.05951425830939]","[-20.02521042140606, -103.758387076662]","[-25.64438803846159, -95.73971127591044]","[123.51031797834752, -34.27863819271866]","[152.52267807332416, 224.7538491154387]","[176.25064789505296, 120.51104775869115]","[-311.6227190792868, 12.773490602680337]","[-224.06588770199187, 92.41966280136083]","[-277.97787187183314, -16.471761940238828]","[-179.32733205475816, 204.74745132251192]","[-210.2539447529192, 19.474205810252137]","[-21.171607094223816, -197.9435303678817]","[-159.08097293869977, 49.25380198379925]","[73.2226439622622, -6.522164989265914]","[58.15822036266903, 189.0142951898132]","[-189.34726201358848, 245.40591457569488]","[168.28114246554617, 197.594172679371]","[-393.74961645649256, 306.202971565167]","[-18.41684303400105, 262.972065622109]","[-209.50970580619347, 137.01760289616928]","[-105.58600380518891, 255.06267183436643]","[-106.09075753669384, 16.75051422676809]","[247.91083508398472, 20.894034948534852]","[156.49692019646344, 148.79607761472155]","[-200.52000511453937, 177.11238795821683]","[-27.884734313591203, 88.7341773040546]","[-12.93472379154194, -173.1608452746548]","[-184.41545219243932, -14.991858414769098]","[183.20988475566404, -285.6408504275619]","[70.00229339408216, 213.33944833201141]","[126.41836075105405, 65.04744168520615]","[92.45086860991485, 241.9209815755464]","[222.92907251354526, 244.213651114757]","[183.60203666692993, -80.38253394530746]","[231.43332767736436, 34.11051833216247]","[-143.69253910834334, -152.15308395334867]","[-36.785229274358564, -28.731157624157298]","[-178.25940193236954, -146.85090004327853]","[24.09448797325597, 83.38393854117521]","[-10.37158732056858, -175.76292684606713]","[31.279749948174317, 96.3276988783427]","[138.39218524717182, -98.00431804811434]","[-20.315003292028834, 99.24365882507122]","[-92.29770322045505, 74.64493680953247]","[-82.82278276457609, -143.53505909537483]","[-83.94642949915682, -45.32910763184452]","[-144.7039685727392, 193.97034093357126]","[251.46939265161353, 211.47927796086168]","[13.916053085475898, -236.09774703481438]","[-112.56906811203763, 170.21472934001093]","[196.91618209613424, 216.58415750234425]","[185.63921524247013, -3.6484329063739622]","[-74.58549626884613, -25.001897350421515]","[68.24909556414973, -183.1667799100453]","[-250.0975057497525, -47.59010239415241]","[243.78163780435753, -54.126163323283144]","[-188.28688433912507, 209.85322222680836]","[196.97096903694847, 204.7153289656926]","[1.8931217722699598, -22.05913376651175]","[-231.8345328367795, -163.05687080639024]","[107.46785423358705, 121.94449068397638]","[-36.729029016670566, 23.674448312124497]","[-209.5865161071891, -46.8773926459533]","[-38.139767111269954, 53.182591343590865]","[-166.17508474223703, -198.60107221740233]","[50.60993111107611, -59.54520125717105]","[-184.5387570242111, 154.8651676689008]","[-208.68335984715415, 21.104894940882797]","[-75.05998029184958, 378.9127760515034]","[37.387186593551476, 130.18150037593855]","[212.61855543975184, 30.196648047771234]","[4.198994954543663, -62.15181624332519]","[-206.16651511520945, 61.36515328118554]","[-115.0613799354576, 4.652927682458305]","[-25.571001930958502, 192.25084523198132]","[-180.859453615197, 224.4655048316312]","[-213.70121418848632, -140.3852423539291]","[203.585151247003, -99.83995399657213]","[-167.98253353321448, 230.74849845895636]","[-320.2593359626724, -159.81432528046412]","[-7.199628611370404, 66.07278029186268]","[7.872532456982593, 166.7708292892336]","[-204.06942642270818, -32.755009639968655]","[32.894226879857015, -59.79510502856227]","[-327.1258885056838, 219.36534192136523]","[219.59713596572144, 115.72514948361324]","[-200.64580745499129, -115.11610109108571]","[-28.18605439371191, 189.11317816899694]","[138.73165331206522, 3.3342797567571285]","[2.132921524519508, -43.77513895641519]","[98.63411655886158, -145.92599512558425]","[76.50509279931822, 105.2018473490422]","[14.055948107349039, -195.60750324493333]","[-238.42037331196187, 72.99749935047781]","[26.236311726514963, 219.99273325922724]","[-130.90332909916197, -51.619559910098545]","[-19.278475306268962, -85.252842191237]","[-242.79010592766863, 178.76010642704358]","[-75.09979656099243, -51.94073943110302]","[-268.0252440901484, 298.5114892199515]","[212.15860275135594, 175.58238932266485]","[-206.01615575677636, -56.768688129592846]"
"[-327.9726120241854, 88.9682887620244]","[219.45443727743645, 41.81829608786896]","[154.11909143413595, 181.97934524398724]","[-219.20455935559846, -95.14189482864177]","[-90.0638338639018, -48.60233513050589]","[-25.934523255310772, -94.34454412430455]","[123.29150703286811, -33.797654895732414]","[164.8315316297239, 284.9153578331563]","[175.25809810551567, 119.0274923650135]","[-310.6074217367254, 12.289371689576408]","[-224.96168910293179, 92.22155440424181]","[-276.74758665088757, -17.47004276724876]","[-178.3295034551606, 204.11774467820723]","[-207.30275594701172, 0.8399814485793093]","[-19.465658281877133, -197.05518561130805]","[-157.42276613854216, 48.91597346997791]","[73.60986807736815, -7.978692796081971]","[59.63402995110274, 189.87705761430436]","[-191.2715314905046, 243.74115913815024]","[167.73238816416801, 195.85793958654585]","[-511.7665112006951, 323.50138459837336]","[-18.41684303400105, 262.972065622109]","[-209.50970580619347, 137.01760289616928]","[-105.58600380518891, 255.06267183436643]","[-106.09075753669384, 16.75051422676809]","[247.91083508398472, 20.894034948534852]","[156.49692019646344, 148.79607761472155]","[-200.52000511453937, 177.11238795821683]","[-27.884734313591203, 88.7341773040546]","[-12.93472379154194, -173.1608452746548]","[-184.41545219243932, -14.991858414769098]","[183.20988475566404, -285.6408504275619]","[70.00229339408216, 213.33944833201141]","[126.41836075105405, 65.04744168520615]","[92.45086860991485, 241.9209815755464]","[222.92907251354526, 244.213651114757]","[183.60203666692993, -80.38253394530746]","[231.43332767736436, 34.11051833216247]","[-143.69253910834334, -152.15308395334867]","[-36.785229274358564, -28.731157624157298]","[-178.25940193236954, -146.85090004327853]","[24.09448797325597, 83.38393854117521]","[-10.37158732056858, -175.76292684606713]","[31.279749948174317, 96.3276988783427]","[138.39218524717182, -98.00431804811434]","[-20.315003292028834, 99.24365882507122]","[-92.29770322045505, 74.64493680953247]","[-82.82278276457609, -143.53505909537483]","[-181.55453712457972, 45.936411256029565]","[-144.7039685727392, 193.97034093357126]","[251.46939265161353, 211.47927796086168]","[13.916053085475898, -236.09774703481438]","[-112.56906811203763, 170.21472934001093]","[196.91618209613424, 216.58415750234425]","[185.63921524247013, -3.6484329063739622]","[-74.58549626884613, -25.001897350421515]","[68.24909556414973, -183.1667799100453]","[-250.0975057497525, -47.59010239415241]","[243.78163780435753, -54.126163323283144]","[-188.28688433912507, 209.85322222680836]","[196.97096903694847, 204.7153289656926]","[1.8931217722699598, -22.05913376651175]","[-231.8345328367795, -163.05687080639024]","[107.46785423358705, 121.94449068397638]","[-36.729029016670566, 23.674448312124497]","[-209.5865161071891, -46.8773926459533]","[-38.139767111269954, 53.182591343590865]","[-166.17508474223703, -198.60107221740233]","[50.60993111107611, -59.54520125717105]","[-184.5387570242111, 154.8651676689008]","[-208.68335984715415, 21.104894940882797]","[-75.05998029184958, 378.9127760515034]","[37.387186593551476, 130.18150037593855]","[212.61855543975184, 30.196648047771234]","[4.198994954543663, -62.15181624332519]","[-206.16651511520945, 61.36515328118554]","[-115.0613799354576, 4.652927682458305]","[-25.571001930958502, 192.25084523198132]","[-180.859453615197, 224.4655048316312]","[-213.70121418848632, -140.3852423539291]","[203.585151247003, -99.83995399657213]","[-167.98253353321448, 230.74849845895636]","[-320.2593359626724, -159.81432528046412]","[-7.199628611370404, 66.07278029186268]","[7.872532456982593, 166.7708292892336]","[-204.06942642270818, -32.755009639968655]","[32.894226879857015, -59.79510502856227]","[-327.1258885056838, 219.36534192136523]","[219.59713596572144, 115.72514948361324]","[-200.64580745499129, -115.11610109108571]","[-28.18605439371191, 189.11317816899694]","[138.73165331206522, 3.3342797567571285]","[2.132921524519508, -43.77513895641519]","[98.63411655886158, -145.92599512558425]","[76.50509279931822, 105.2018473490422]","[14.055948107349039, -195.60750324493333]","[-238.42037331196187, 72.99749935047781]","[26.236311726514963, 219.99273325922724]","[-130.90332909916197, -51.619559910098545]","[-19.278475306268962, -85.252842191237]","[-215.1241485076921, 35.49775430906864]","[-34.30885832190221, -66.34988491745813]","[-223.38807762770637, 282.20447729537904]","[151.95682753619232, 149.63907043339083]","[-342.09132415405, -177.64204599425923]"
"[-327.9726120241854, 88.9682887620244]","[219.45443727743645, 41.81829608786896]","[154.11909143413595, 181.97934524398724]","[-219.20455935559846, -95.14189482864177]","[-90.0638338639018, -48.60233513050589]","[-25.934523255310772, -94.34454412430455]","[123.29150703286811, -33.797654895732414]","[164.8315316297239, 284.9153578331563]","[175.25809810551567, 119.0274923650135]","[-310.6074217367254, 12.289371689576408]","[-224.96168910293179, 92.22155440424181]","[-276.74758665088757, -17.47004276724876]","[-178.3295034551606, 204.11774467820723]","[-169.78764322917777, -121.99289250831757]","[-19.465658281877133, -197.05518561130805]","[-157.42276613854216, 48.91597346997791]","[73.60986807736815, -7.978692796081971]","[59.63402995110274, 189.87705761430436]","[-191.2715314905046, 243.74115913815024]","[167.73238816416801, 195.85793958654585]","[-509.9792846265042, 322.9642547484173]","[-20.11335601882061, 264.107395940379]","[-209.56304400652024, 136.4712454263919]","[-104.29189121359163, 256.1199171018916]","[-105.92403850301841, 15.771915702753613]","[245.9150810323664, 19.529796346476246]","[155.78319123377506, 150.56668471348777]","[-201.21856544740686, 176.1727296740764]","[-26.600123686134854, 87.36354439621678]","[-14.492112743203617, -174.967279085641]","[-184.1120702801369, -15.031532751359862]","[184.12881023157115, -284.1363064004799]","[69.24238512984545, 211.688945871631]","[126.15509518109621, 64.6093393526144]","[91.14890335431144, 242.19782083856825]","[223.20623541408708, 243.5709208918056]","[181.86611813360713, -80.71783530311976]","[232.01066078445893, 32.23493906544897]","[-143.32024067267707, -150.87920731148262]","[-38.44635448243224, -27.840996704517924]","[-176.82977800966432, -145.08493604500967]","[22.404876171784622, 85.15600267961374]","[-12.106450813391323, -175.59344391990982]","[32.76601947842634, 96.35267472579844]","[136.9566942993744, -96.41278433154902]","[-19.687603423709987, 98.13340517807407]","[-93.82961134927325, 76.43073428191377]","[-81.29569407515913, -142.51646145918983]","[-231.38130575429346, 94.48711931638584]","[-145.0336960592824, 193.69481482076122]","[249.930616945549, 211.01844907929615]","[12.192695208894932, -238.02165691620695]","[-111.0103352902692, 168.41763654672]","[196.5928293799796, 217.24752380243802]","[183.82478385216893, -1.9943702226289197]","[-73.00891611959997, -23.281973244438376]","[68.19624732454326, -184.79423130003119]","[-249.3336055197624, -45.93370648991851]","[241.97095322763062, -54.05120985621447]","[-188.6647898063986, 208.6845016804003]","[195.4098077984264, 203.1839421243203]","[3.766285764444993, -23.932611220328933]","[-232.30791415025067, -161.33914563864585]","[107.46785423358705, 121.94449068397638]","[-36.729029016670566, 23.674448312124497]","[-209.5865161071891, -46.8773926459533]","[-38.139767111269954, 53.182591343590865]","[-166.17508474223703, -198.60107221740233]","[50.60993111107611, -59.54520125717105]","[-184.5387570242111, 154.8651676689008]","[-208.68335984715415, 21.104894940882797]","[-75.05998029184958, 378.9127760515034]","[37.387186593551476, 130.18150037593855]","[212.61855543975184, 30.196648047771234]","[4.198994954543663, -62.15181624332519]","[-206.16651511520945, 61.36515328118554]","[-115.0613799354576, 4.652927682458305]","[-25.571001930958502, 192.25084523198132]","[-180.859453615197, 224.4655048316312]","[-213.70121418848632, -140.3852423539291]","[203.585151247003, -99.83995399657213]","[-167.98253353321448, 230.74849845895636]","[-320.2593359626724, -159.81432528046412]","[-7.199628611370404, 66.07278029186268]","[7.872532456982593, 166.7708292892336]","[-204.06942642270818, -32.755009639968655]","[32.894226879857015, -59.79510502856227]","[-327.1258885056838, 219.36534192136523]","[219.59713596572144, 115.72514948361324]","[-200.64580745499129, -115.11610109108571]","[-28.18605439371191, 189.11317816899694]","[138.73165331206522, 3.3342797567571285]","[2.132921524519508, -43.77513895641519]","[98.63411655886158, -145.92599512558425]","[76.50509279931822, 105.2018473490422]","[14.055948107349039, -195.60750324493333]","[-238.42037331196187, 72.99749935047781]","[26.236311726514963, 219.99273325922724]","[-130.90332909916197, -51.619559910098545]","[-19.278475306268962, -85.252842191237]","[-197.0876705647952, -25.251036079436542]","[-10.11679121374754, -75.56996925087017]","[-163.57512094058006, 263.29956534631236]","[127.52591113925754, 137.39769076224246]","[-370.6123232362225, -207.30756042410073]"
"[-327.9726120241854, 88.9682887620244]","[219.45443727743645, 41.81829608786896]","[154.11909143413595, 181.97934524398724]","[-219.20455935559846, -95.14189482864177]","[-90.0638338639018, -48.60233513050589]","[-25.934523255310772, -94.34454412430455]","[123.29150703286811, -33.797654895732414]","[164.8315316297239, 284.9153578331563]","[175.25809810551567, 119.0274923650135]","[-310.6074217367254, 12.289371689576408]","[-224.96168910293179, 92.22155440424181]","[-276.74758665088757, -17.47004276724876]","[-178.3295034551606, 204.11774467820723]","[-134.09345480081922, -238.22235933340423]","[-19.465658281877133, -197.05518561130805]","[-157.42276613854216, 48.91597346997791]","[73.60986807736815, -7.978692796081971]","[59.63402995110274, 189.87705761430436]","[-191.2715314905046, 243.74115913815024]","[167.73238816416801, 195.85793958654585]","[-509.9792846265042, 322.9642547484173]","[-20.11335601882061, 264.107395940379]","[-209.56304400652024, 136.4712454263919]","[-104.29189121359163, 256.1199171018916]","[-105.92403850301841, 15.771915702753613]","[245.9150810323664, 19.529796346476246]","[155.78319123377506, 150.56668471348777]","[-201.21856544740686, 176.1727296740764]","[-26.600123686134854, 87.36354439621678]","[-14.492112743203617, -174.967279085641]","[-184.1120702801369, -15.031532751359862]","[184.12881023157115, -284.1363064004799]","[69.24238512984545, 211.688945871631]","[126.15509518109621, 64.6093393526144]","[91.14890335431144, 242.19782083856825]","[223.20623541408708, 243.5709208918056]","[181.86611813360713, -80.71783530311976]","[232.01066078445893, 32.23493906544897]","[-143.32024067267707, -150.87920731148262]","[-38.44635448243224, -27.840996704517924]","[-176.82977800966432, -145.08493604500967]","[22.404876171784622, 85.15600267961374]","[-12.106450813391323, -175.59344391990982]","[32.76601947842634, 96.35267472579844]","[136.9566942993744, -96.41278433154902]","[-19.687603423709987, 98.13340517807407]","[-93.82961134927325, 76.43073428191377]","[-81.29569407515913, -142.51646145918983]","[-231.38130575429346, 94.48711931638584]","[-145.0336960592824, 193.69481482076122]","[249.930616945549, 211.01844907929615]","[12.192695208894932, -238.02165691620695]","[-111.0103352902692, 168.41763654672]","[196.5928293799796, 217.24752380243802]","[183.82478385216893, -1.9943702226289197]","[-73.00891611959997, -23.281973244438376]","[68.19624732454326, -184.79423130003119]","[-249.3336055197624, -45.93370648991851]","[241.97095322763062, -54.05120985621447]","[-188.6647898063986, 208.6845016804003]","[195.4098077984264, 203.1839421243203]","[-18.442457631409898, -90.32337690029676]","[-232.30791415025067, -161.33914563864585]","[109.0219664829838, 121.59502336267867]","[-37.15819017733739, 24.141426244609477]","[-211.43059237200862, -45.28249321614076]","[-37.30535779572075, 51.389894997334494]","[-164.7820881319265, -196.66511510609843]","[50.98049110327084, -58.5537611090361]","[-185.76030730517954, 154.13977437565683]","[-210.60802824719593, 20.772670773241117]","[-76.2050546862571, 377.7034565976622]","[38.882674057293535, 131.9887603909761]","[210.65979246906863, 28.844513969682083]","[2.886954752725409, -62.4378888930582]","[-207.49317571981783, 61.57975941243296]","[-114.14383513287589, 5.879044789756637]","[-27.43384200819684, 191.46087904126057]","[-182.3912221771607, 222.77451004173017]","[-211.95057734030507, -141.2479736230736]","[205.04855729688313, -100.11355215643502]","[-166.46183487454306, 228.8323323059709]","[-318.6323097756682, -161.55085771286306]","[-7.371485267762947, 64.23435950813275]","[6.227433755261897, 165.00166246080295]","[-205.7064589634812, -33.09072951598943]","[32.289995955051296, -61.22690922970476]","[-325.8727303117912, 220.22034438433292]","[219.3810214043503, 115.55415546295777]","[-199.07163975319094, -113.24074513472914]","[-27.75349656946039, 188.99770529575682]","[137.88091944454783, 2.3476509470274145]","[1.4182383855002882, -42.8861445146718]","[100.29948122121604, -147.24303493060762]","[76.34373073219706, 104.35513615715679]","[12.23824207502565, -194.10625170401505]","[-238.11718824444034, 73.79739932449692]","[26.88576419557556, 220.83244258959633]","[-131.45946226312844, -50.68434230650249]","[-19.96961431851972, -84.90295587888647]","[-4.894754648387396, 6.587543462608681]","[182.27326818105027, -152.23980359195284]","[-165.0654453668713, 263.69939477242275]","[-25.936537185524926, -60.6038726694831]","[-270.99046747418924, -132.22345797222866]"
"[-326.0081451381475, 88.90398354177411]","[220.1560021334888, 42.018254821174054]","[155.00058236752443, 180.81721505253972]","[-199.20874456952268, -87.63778015419578]","[-91.46384732130713, -47.071859585679086]","[-26.224658472159955, -92.94937697269866]","[123.0726960873887, -33.31667159874617]","[163.9850039382476, 284.0528502225277]","[174.26554831597838, 117.54393697133585]","[-311.6227190792868, 11.805252776472479]","[-225.8574905038717, 92.0234460071228]","[-276.74758665088757, -17.47004276724876]","[-178.3295034551606, 204.11774467820723]","[-93.20992302993017, -371.7727055848076]","[-19.465658281877133, -197.05518561130805]","[-157.42276613854216, 48.91597346997791]","[73.60986807736815, -7.978692796081971]","[59.63402995110274, 189.87705761430436]","[-191.2715314905046, 243.74115913815024]","[167.73238816416801, 195.85793958654585]","[-509.9792846265042, 322.9642547484173]","[-20.11335601882061, 264.107395940379]","[-209.56304400652024, 136.4712454263919]","[-104.29189121359163, 256.1199171018916]","[-105.92403850301841, 15.771915702753613]","[245.9150810323664, 19.529796346476246]","[155.78319123377506, 150.56668471348777]","[-201.21856544740686, 176.1727296740764]","[-26.600123686134854, 87.36354439621678]","[-14.492112743203617, -174.967279085641]","[-184.1120702801369, -15.031532751359862]","[184.12881023157115, -284.1363064004799]","[69.24238512984545, 211.688945871631]","[126.15509518109621, 64.6093393526144]","[91.14890335431144, 242.19782083856825]","[223.20623541408708, 243.5709208918056]","[181.86611813360713, -80.71783530311976]","[232.01066078445893, 32.23493906544897]","[-143.32024067267707, -150.87920731148262]","[-38.44635448243224, -27.840996704517924]","[-176.82977800966432, -145.08493604500967]","[22.404876171784622, 85.15600267961374]","[-12.106450813391323, -175.59344391990982]","[32.76601947842634, 96.35267472579844]","[136.9566942993744, -96.41278433154902]","[-19.687603423709987, 98.13340517807407]","[-93.82961134927325, 76.43073428191377]","[-81.29569407515913, -142.51646145918983]","[-231.38130575429346, 94.48711931638584]","[-145.0336960592824, 193.69481482076122]","[249.930616945549, 211.01844907929615]","[12.192695208894932, -238.02165691620695]","[-111.0103352902692, 168.41763654672]","[196.5928293799796, 217.24752380243802]","[183.82478385216893, -1.9943702226289197]","[-73.00891611959997, -23.281973244438376]","[68.19624732454326, -184.79423130003119]","[-249.3336055197624, -45.93370648991851]","[241.97095322763062, -54.05120985621447]","[-188.6647898063986, 208.6845016804003]","[195.4098077984264, 203.1839421243203]","[-47.426614086878914, -174.79562548695813]","[-232.30791415025067, -161.33914563864585]","[109.0219664829838, 121.59502336267867]","[-37.15819017733739, 24.141426244609477]","[-211.43059237200862, -45.28249321614076]","[-37.30535779572075, 51.389894997334494]","[-164.7820881319265, -196.66511510609843]","[50.98049110327084, -58.5537611090361]","[-185.76030730517954, 154.13977437565683]","[-210.60802824719593, 20.772670773241117]","[-76.2050546862571, 377.7034565976622]","[38.882674057293535, 131.9887603909761]","[210.65979246906863, 28.844513969682083]","[2.886954752725409, -62.4378888930582]","[-207.49317571981783, 61.57975941243296]","[-114.14383513287589, 5.879044789756637]","[-27.43384200819684, 191.46087904126057]","[-182.3912221771607, 222.77451004173017]","[-211.95057734030507, -141.2479736230736]","[205.04855729688313, -100.11355215643502]","[-166.46183487454306, 228.8323323059709]","[-318.6323097756682, -161.55085771286306]","[-7.371485267762947, 64.23435950813275]","[6.227433755261897, 165.00166246080295]","[-205.7064589634812, -33.09072951598943]","[32.289995955051296, -61.22690922970476]","[-325.8727303117912, 220.22034438433292]","[219.3810214043503, 115.55415546295777]","[-199.07163975319094, -113.24074513472914]","[-27.75349656946039, 188.99770529575682]","[137.88091944454783, 2.3476509470274145]","[1.4182383855002882, -42.8861445146718]","[100.29948122121604, -147.24303493060762]","[76.34373073219706, 104.35513615715679]","[12.23824207502565, -194.10625170401505]","[-238.11718824444034, 73.79739932449692]","[26.88576419557556, 220.83244258959633]","[-131.45946226312844, -50.68434230650249]","[-19.96961431851972, -84.90295587888647]","[257.8331069488957, 49.749548918135055]","[182.27326818105027, -152.23980359195284]","[-292.7395061579871, 142.4091615139942]","[-53.625236192554524, -96.24705685689155]","[-164.41199711014838, -51.8839824792467]"
"[-326.0081451381475, 88.90398354177411]","[220.1560021334888, 42.018254821174054]","[155.00058236752443, 180.81721505253972]","[-199.20874456952268, -87.63778015419578]","[-91.46384732130713, -47.071859585679086]","[-26.224658472159955, -92.94937697269866]","[118.50524261950645, -21.696786394784848]","[163.9850039382476, 284.0528502225277]","[174.26554831597838, 117.54393697133585]","[-311.6227190792868, 11.805252776472479]","[-225.8574905038717, 92.0234460071228]","[-277.97787187183314, -18.468323594258692]","[-177.33167485556302, 203.48803803390254]","[-93.9387138187486, -372.5079007826218]","[-17.75970946953045, -196.1668408547344]","[-155.76455933838454, 48.578144956156564]","[73.9970921924741, -9.435220602898028]","[61.10983953953645, 190.73982003879553]","[-193.19580096742072, 242.0764037006056]","[167.18363386278986, 194.1217064937207]","[-511.51700402364605, 322.4375401392429]","[-21.80986900364017, 262.972065622109]","[-209.61638220684702, 135.92488795661453]","[-102.99777862199434, 255.06267183436643]","[-105.75731946934297, 14.793317178739137]","[243.91932698074808, 18.16555774441764]","[155.06946227108668, 152.337291812254]","[-201.91712578027435, 175.233071389936]","[-25.315513058678505, 85.99291148837897]","[-16.049501694865295, -176.7737128966272]","[-183.80868836783446, -15.071207087950626]","[185.04773570747827, -285.6408504275619]","[68.48247686560873, 210.0384434112506]","[125.89182961113838, 64.17123702002264]","[89.84693809870804, 242.4746601015901]","[223.4833983146289, 242.9281906688542]","[180.13019960028433, -81.05313666093205]","[232.5879938915535, 30.35935979873547]","[-142.9479422370108, -149.60533066961656]","[-40.10747969050592, -26.95083578487855]","[-175.4001540869591, -143.3189720467408]","[20.715264370313275, 86.92806681805226]","[-13.841314306214066, -175.4239609937525]","[34.25228900867836, 96.37765057325417]","[135.52120335157696, -94.8212506149837]","[-19.06020355539114, 97.02315153107692]","[-95.36151947809145, 78.21653175429508]","[-79.76860538574218, -141.49786382300482]","[-229.54188081599696, 94.33111872510764]","[-145.36342354582558, 193.41928870795118]","[248.39184123948445, 210.5576201977306]","[10.469337332313966, -239.94556679759953]","[-109.45160246850077, 166.62054375342905]","[196.26947666382497, 217.9108901025318]","[182.01035246186774, -0.3403075388838772]","[-73.00891611959997, -23.281973244438376]","[68.19624732454326, -184.79423130003119]","[-249.3336055197624, -45.93370648991851]","[241.97095322763062, -54.05120985621447]","[-188.6647898063986, 208.6845016804003]","[195.4098077984264, 203.1839421243203]","[-79.887833320698, -269.0753251739737]","[-232.30791415025067, -161.33914563864585]","[109.0219664829838, 121.59502336267867]","[-37.15819017733739, 24.141426244609477]","[-211.43059237200862, -45.28249321614076]","[-37.30535779572075, 51.389894997334494]","[-164.7820881319265, -196.66511510609843]","[50.98049110327084, -58.5537611090361]","[-185.76030730517954, 154.13977437565683]","[-210.60802824719593, 20.772670773241117]","[-76.2050546862571, 377.7034565976622]","[38.882674057293535, 131.9887603909761]","[210.65979246906863, 28.844513969682083]","[2.886954752725409, -62.4378888930582]","[-207.49317571981783, 61.57975941243296]","[-114.14383513287589, 5.879044789756637]","[-27.43384200819684, 191.46087904126057]","[-182.3912221771607, 222.77451004173017]","[-211.95057734030507, -141.2479736230736]","[205.04855729688313, -100.11355215643502]","[-166.46183487454306, 228.8323323059709]","[-318.6323097756682, -161.55085771286306]","[19.309324938670038, 83.2634533061841]","[6.227433755261897, 165.00166246080295]","[-205.7064589634812, -33.09072951598943]","[32.289995955051296, -61.22690922970476]","[-325.8727303117912, 220.22034438433292]","[219.3810214043503, 115.55415546295777]","[-199.07163975319094, -113.24074513472914]","[-27.75349656946039, 188.99770529575682]","[137.88091944454783, 2.3476509470274145]","[1.4182383855002882, -42.8861445146718]","[100.29948122121604, -147.24303493060762]","[76.34373073219706, 104.35513615715679]","[12.23824207502565, -194.10625170401505]","[-238.11718824444034, 73.79739932449692]","[26.88576419557556, 220.83244258959633]","[-131.45946226312844, -50.68434230650249]","[-19.96961431851972, -84.90295587888647]","[373.2333682716455, 67.181910322204]","[127.24980595517233, -38.36145934936444]","[-503.2480419838662, -54.066716418323544]","[-51.45674703887687, -62.58302383560124]","[-46.35383436721024, 36.58580158683435]"
"[-326.0081451381475, 88.90398354177411]","[220.1560021334888, 42.018254821174054]","[155.00058236752443, 180.81721505253972]","[-199.20874456952268, -87.63778015419578]","[-91.46384732130713, -47.071859585679086]","[-26.224658472159955, -92.94937697269866]","[78.90057082602837, 110.6734070084908]","[163.9850039382476, 284.0528502225277]","[174.26554831597838, 117.54393697133585]","[-311.6227190792868, 11.805252776472479]","[-225.8574905038717, 92.0234460071228]","[-277.97787187183314, -18.468323594258692]","[-177.33167485556302, 203.48803803390254]","[-93.9387138187486, -372.5079007826218]","[-17.75970946953045, -196.1668408547344]","[-155.76455933838454, 48.578144956156564]","[73.9970921924741, -9.435220602898028]","[61.10983953953645, 190.73982003879553]","[-193.19580096742072, 242.0764037006056]","[167.18363386278986, 194.1217064937207]","[-511.51700402364605, 322.4375401392429]","[-21.80986900364017, 262.972065622109]","[-209.61638220684702, 135.92488795661453]","[-102.99777862199434, 255.06267183436643]","[-105.75731946934297, 14.793317178739137]","[243.91932698074808, 18.16555774441764]","[155.06946227108668, 152.337291812254]","[-201.91712578027435, 175.233071389936]","[-25.315513058678505, 85.99291148837897]","[-16.049501694865295, -176.7737128966272]","[-183.80868836783446, -15.071207087950626]","[185.04773570747827, -285.6408504275619]","[68.48247686560873, 210.0384434112506]","[125.89182961113838, 64.17123702002264]","[89.84693809870804, 242.4746601015901]","[223.4833983146289, 242.9281906688542]","[180.13019960028433, -81.05313666093205]","[232.5879938915535, 30.35935979873547]","[-142.9479422370108, -149.60533066961656]","[-40.10747969050592, -26.95083578487855]","[-175.4001540869591, -143.3189720467408]","[65.54862696894027, 133.3624382904399]","[-13.841314306214066, -175.4239609937525]","[39.05068200940914, 99.00421792499019]","[135.52120335157696, -94.8212506149837]","[-19.06020355539114, 97.02315153107692]","[-95.36151947809145, 78.21653175429508]","[-79.76860538574218, -141.49786382300482]","[-229.54188081599696, 94.33111872510764]","[-145.36342354582558, 193.41928870795118]","[248.39184123948445, 210.5576201977306]","[10.469337332313966, -239.94556679759953]","[-109.45160246850077, 166.62054375342905]","[196.26947666382497, 217.9108901025318]","[182.01035246186774, -0.3403075388838772]","[-71.43233597035382, -21.562049138455237]","[68.1433990849368, -186.42168269001706]","[-248.5697052897723, -44.2773105856846]","[240.1602686509037, -53.976256389145796]","[-189.04269527367214, 207.51578113399225]","[193.84864655990435, 201.65255528294801]","[-82.56226167731097, -280.48997012701113]","[-232.78129546372185, -159.62142047090146]","[110.57607873238055, 121.24555604138096]","[-37.58735133800421, 24.608404177094457]","[-213.27466863682812, -43.687593786328215]","[-36.47094848017155, 49.59719865107812]","[-163.389091521616, -194.72915799479452]","[51.35105109546558, -57.562320960901154]","[-186.98185758614798, 153.41438108241286]","[-212.5326966472377, 20.440446605599437]","[-77.35012908066462, 378.9127760515034]","[40.378161521035594, 133.79602040601364]","[208.70102949838542, 27.492379891592932]","[1.5749145509071552, -62.72396154279121]","[-208.8198363244262, 61.794365543680385]","[-113.22629033029419, 7.10516189705497]","[-29.29668208543518, 190.67091285053982]","[-183.9229907391244, 221.08351525182914]","[-210.19994049212383, -142.11070489221808]","[206.51196334676325, -100.3871503162979]","[-164.94113621587164, 226.91616615298545]","[-320.2593359626724, -163.287390145262]","[53.07534095516817, 99.76479811936011]","[4.582335053541201, 163.2324956323723]","[-207.34349150425422, -33.426449392010205]","[31.68576503024558, -62.65871343084725]","[-327.1258885056838, 221.0753468473006]","[219.16490684297915, 115.3831614423023]","[-197.4974720513906, -111.36538917837257]","[-27.320938745208867, 188.8822324225167]","[137.03018557703044, 1.3610221372977005]","[0.7035552464810686, -41.997150072928406]","[101.9648458835705, -148.560074735631]","[69.06682980486462, 117.76782401828052]","[10.42053604270226, -192.60500016309678]","[-237.81400317691882, 74.59729929851603]","[27.53521666463616, 221.67215191996542]","[-132.01559542709492, -49.74912470290643]","[-19.96961431851972, -84.90295587888647]","[111.54064149256791, 111.36305845449186]","[29.830372046451266, 251.31768721587085]","[-491.5124764526306, -42.24626078253798]","[87.35050350255207, 207.61827515697692]","[66.21757553885169, 135.6573896082841]"
"[-327.9726120241854, 88.83967832152382]","[220.85756698954117, 42.21821355447915]","[155.8820733009129, 179.6550848610922]","[-198.60122762166108, -86.72016072452816]","[-91.46384732130713, -47.071859585679086]","[-26.224658472159955, -92.94937697269866]","[83.5828453678728, 162.90736418228136]","[163.9850039382476, 284.0528502225277]","[174.26554831597838, 117.54393697133585]","[-311.6227190792868, 11.805252776472479]","[-225.8574905038717, 92.0234460071228]","[-277.97787187183314, -18.468323594258692]","[-177.33167485556302, 203.48803803390254]","[-93.9387138187486, -372.5079007826218]","[-17.75970946953045, -196.1668408547344]","[-155.76455933838454, 48.578144956156564]","[73.9970921924741, -9.435220602898028]","[61.10983953953645, 190.73982003879553]","[-193.19580096742072, 242.0764037006056]","[167.18363386278986, 194.1217064937207]","[-511.51700402364605, 322.4375401392429]","[-21.80986900364017, 262.972065622109]","[-209.61638220684702, 135.92488795661453]","[-102.99777862199434, 255.06267183436643]","[-105.75731946934297, 14.793317178739137]","[243.91932698074808, 18.16555774441764]","[155.06946227108668, 152.337291812254]","[-201.91712578027435, 175.233071389936]","[-25.315513058678505, 85.99291148837897]","[-16.049501694865295, -176.7737128966272]","[-183.80868836783446, -15.071207087950626]","[185.04773570747827, -285.6408504275619]","[68.48247686560873, 210.0384434112506]","[125.89182961113838, 64.17123702002264]","[89.84693809870804, 242.4746601015901]","[223.4833983146289, 242.9281906688542]","[180.13019960028433, -81.05313666093205]","[232.5879938915535, 30.35935979873547]","[-142.9479422370108, -149.60533066961656]","[-40.10747969050592, -26.95083578487855]","[-175.4001540869591, -143.3189720467408]","[114.66494738765626, 184.7616067294882]","[-13.841314306214066, -175.4239609937525]","[50.22289980240185, 105.0568360156428]","[135.52120335157696, -94.8212506149837]","[-19.06020355539114, 97.02315153107692]","[-95.36151947809145, 78.21653175429508]","[-79.76860538574218, -141.49786382300482]","[-229.54188081599696, 94.33111872510764]","[-145.36342354582558, 193.41928870795118]","[248.39184123948445, 210.5576201977306]","[10.469337332313966, -239.94556679759953]","[-109.45160246850077, 166.62054375342905]","[196.26947666382497, 217.9108901025318]","[182.01035246186774, -0.3403075388838772]","[-71.43233597035382, -21.562049138455237]","[68.1433990849368, -186.42168269001706]","[-248.5697052897723, -44.2773105856846]","[240.1602686509037, -53.976256389145796]","[-189.04269527367214, 207.51578113399225]","[193.84864655990435, 201.65255528294801]","[-82.56226167731097, -280.48997012701113]","[-232.78129546372185, -159.62142047090146]","[110.57607873238055, 121.24555604138096]","[-37.58735133800421, 24.608404177094457]","[-213.27466863682812, -43.687593786328215]","[-36.47094848017155, 49.59719865107812]","[-163.389091521616, -194.72915799479452]","[51.35105109546558, -57.562320960901154]","[-186.98185758614798, 153.41438108241286]","[-212.5326966472377, 20.440446605599437]","[-77.35012908066462, 378.9127760515034]","[40.378161521035594, 133.79602040601364]","[208.70102949838542, 27.492379891592932]","[1.5749145509071552, -62.72396154279121]","[-208.8198363244262, 61.794365543680385]","[-113.22629033029419, 7.10516189705497]","[-29.29668208543518, 190.67091285053982]","[-183.9229907391244, 221.08351525182914]","[-210.19994049212383, -142.11070489221808]","[206.51196334676325, -100.3871503162979]","[-164.94113621587164, 226.91616615298545]","[-320.2593359626724, -163.287390145262]","[53.07534095516817, 99.76479811936011]","[4.582335053541201, 163.2324956323723]","[-207.34349150425422, -33.426449392010205]","[31.68576503024558, -62.65871343084725]","[-327.1258885056838, 221.0753468473006]","[219.16490684297915, 115.3831614423023]","[-197.4974720513906, -111.36538917837257]","[-27.320938745208867, 188.8822324225167]","[137.03018557703044, 1.3610221372977005]","[0.7035552464810686, -41.997150072928406]","[101.9648458835705, -148.560074735631]","[69.06682980486462, 117.76782401828052]","[10.42053604270226, -192.60500016309678]","[-237.81400317691882, 74.59729929851603]","[27.53521666463616, 221.67215191996542]","[-132.01559542709492, -49.74912470290643]","[-20.66075333077048, -84.55306956653595]","[243.1876934292977, 32.46457594528774]","[64.30508048018599, 145.29883145332573]","[-541.2224938028535, -95.9745148748713]","[105.76755122965437, 241.14690349910282]","[174.60252636088606, 249.85507561293002]"
"[-327.9726120241854, 88.83967832152382]","[220.85756698954117, 42.21821355447915]","[155.8820733009129, 179.6550848610922]","[-198.60122762166108, -86.72016072452816]","[-92.86386077871245, -45.54138404085228]","[-26.51479368900914, -91.55420982109277]","[83.61563940495803, 166.15349806374422]","[163.13847624677126, 284.9153578331563]","[173.27299852644109, 116.0603815776582]","[-310.6074217367254, 11.32113386336855]","[-226.75329190481162, 91.82533761000379]","[-276.74758665088757, -19.466604421268624]","[-176.33384625596545, 202.85833138959785]","[-95.43252551512617, -374.41406843753174]","[-16.053760657183766, -195.27849609816076]","[-154.10635253822693, 48.24031644233522]","[74.38431630758005, -10.891748409714085]","[62.585649127970164, 191.6025824632867]","[-195.12007044433685, 240.41164826306095]","[166.6348795614117, 192.38547340089553]","[-509.9792846265042, 321.9108255300685]","[-23.50638198845973, 264.107395940379]","[-209.6697204071738, 135.37853048683715]","[-101.70366603039706, 256.1199171018916]","[-105.59060043566754, 13.814718654724661]","[241.92357292912976, 16.801319142359034]","[154.3557333083983, 154.10789891102021]","[-202.61568611314183, 174.29341310579557]","[-24.030902431222156, 84.62227858054115]","[-17.606890646526974, -178.58014670761338]","[-183.50530645553204, -15.11088142454139]","[185.96666118338538, -284.1363064004799]","[67.72256860137202, 208.3879409508702]","[125.62856404118054, 63.73313468743088]","[88.54497284310463, 242.75149936461196]","[223.7605612151707, 242.2854604459028]","[178.39428106696153, -81.38843801874435]","[233.16532699864808, 28.483780532021967]","[-142.57564380134454, -148.3314540277505]","[-41.768604898579596, -26.060674865239175]","[-173.9705301642539, -141.55300804847195]","[155.14847436578205, 230.53209728038314]","[-15.57617779903681, -175.2544780675952]","[61.914275760979066, 110.65080986431403]","[134.08571240377952, -93.22971689841837]","[-18.432803687072294, 95.91289788407977]","[-95.36151947809145, 78.21653175429508]","[-79.76860538574218, -141.49786382300482]","[-229.54188081599696, 94.33111872510764]","[-145.36342354582558, 193.41928870795118]","[248.39184123948445, 210.5576201977306]","[10.469337332313966, -239.94556679759953]","[-109.45160246850077, 166.62054375342905]","[196.26947666382497, 217.9108901025318]","[182.01035246186774, -0.3403075388838772]","[-71.43233597035382, -21.562049138455237]","[68.1433990849368, -186.42168269001706]","[-248.5697052897723, -44.2773105856846]","[240.1602686509037, -53.976256389145796]","[-189.04269527367214, 207.51578113399225]","[193.84864655990435, 201.65255528294801]","[-82.56226167731097, -280.48997012701113]","[-232.78129546372185, -159.62142047090146]","[110.57607873238055, 121.24555604138096]","[-37.58735133800421, 24.608404177094457]","[-213.27466863682812, -43.687593786328215]","[-36.47094848017155, 49.59719865107812]","[-163.389091521616, -194.72915799479452]","[51.35105109546558, -57.562320960901154]","[-186.98185758614798, 153.41438108241286]","[-212.5326966472377, 20.440446605599437]","[-77.35012908066462, 378.9127760515034]","[40.378161521035594, 133.79602040601364]","[208.70102949838542, 27.492379891592932]","[1.5749145509071552, -62.72396154279121]","[-208.8198363244262, 61.794365543680385]","[-113.22629033029419, 7.10516189705497]","[-29.29668208543518, 190.67091285053982]","[-183.9229907391244, 221.08351525182914]","[-210.19994049212383, -142.11070489221808]","[206.51196334676325, -100.3871503162979]","[-164.94113621587164, 226.91616615298545]","[-320.2593359626724, -163.287390145262]","[53.07534095516817, 99.76479811936011]","[4.582335053541201, 163.2324956323723]","[-207.34349150425422, -33.426449392010205]","[31.68576503024558, -62.65871343084725]","[-327.1258885056838, 221.0753468473006]","[219.16490684297915, 115.3831614423023]","[-197.4974720513906, -111.36538917837257]","[-27.320938745208867, 188.8822324225167]","[137.03018557703044, 1.3610221372977005]","[0.7035552464810686, -41.997150072928406]","[101.9648458835705, -148.560074735631]","[69.06682980486462, 117.76782401828052]","[10.42053604270226, -192.60500016309678]","[-237.81400317691882, 74.59729929851603]","[39.17502698570864, 169.64860403865762]","[-132.01559542709492, -49.74912470290643]","[-20.66075333077048, -84.55306956653595]","[185.33932101786974, 27.85180370778683]","[9.835477622517558, 311.3060404921425]","[-306.17123237783517, 60.39547436531711]","[186.42507655753025, 376.2965777250349]","[-77.15857354444785, 13.888014421192565]"
"[-327.9726120241854, 88.83967832152382]","[220.85756698954117, 42.21821355447915]","[155.8820733009129, 179.6550848610922]","[-198.60122762166108, -86.72016072452816]","[-92.86386077871245, -45.54138404085228]","[-26.51479368900914, -91.55420982109277]","[83.61563940495803, 166.15349806374422]","[163.13847624677126, 284.9153578331563]","[173.27299852644109, 116.0603815776582]","[-310.6074217367254, 11.32113386336855]","[-226.75329190481162, 91.82533761000379]","[-276.74758665088757, -19.466604421268624]","[-176.33384625596545, 202.85833138959785]","[-95.43252551512617, -374.41406843753174]","[-16.053760657183766, -195.27849609816076]","[-154.10635253822693, 48.24031644233522]","[74.38431630758005, -10.891748409714085]","[62.585649127970164, 191.6025824632867]","[-195.12007044433685, 240.41164826306095]","[166.6348795614117, 192.38547340089553]","[-509.9792846265042, 321.9108255300685]","[-23.50638198845973, 264.107395940379]","[-209.6697204071738, 135.37853048683715]","[-101.70366603039706, 256.1199171018916]","[-105.59060043566754, 13.814718654724661]","[241.92357292912976, 16.801319142359034]","[154.3557333083983, 154.10789891102021]","[-202.61568611314183, 174.29341310579557]","[-24.030902431222156, 84.62227858054115]","[-17.606890646526974, -178.58014670761338]","[-183.50530645553204, -15.11088142454139]","[185.96666118338538, -284.1363064004799]","[67.72256860137202, 208.3879409508702]","[125.62856404118054, 63.73313468743088]","[88.54497284310463, 242.75149936461196]","[223.7605612151707, 242.2854604459028]","[178.39428106696153, -81.38843801874435]","[233.16532699864808, 28.483780532021967]","[-142.57564380134454, -148.3314540277505]","[-41.768604898579596, -26.060674865239175]","[-173.9705301642539, -141.55300804847195]","[155.14847436578205, 230.53209728038314]","[-15.57617779903681, -175.2544780675952]","[61.914275760979066, 110.65080986431403]","[134.08571240377952, -93.22971689841837]","[-18.432803687072294, 95.91289788407977]","[-96.89342760690965, 80.00232922667638]","[-78.24151669632522, -140.4792661868198]","[-227.70245587770046, 94.17511813382944]","[-145.69315103236877, 193.14376259514114]","[246.8530655334199, 210.09679131616508]","[8.745979455733, -241.8694766789921]","[-107.89286964673234, 164.8234509601381]","[195.94612394767034, 218.57425640262556]","[180.19592107156654, 1.3137551448611653]","[-69.85575582110766, -19.842125032472097]","[68.09055084533034, -188.04913408000294]","[-247.8058050597822, -42.6209146814507]","[238.3495840741768, -53.90130292207712]","[-189.42060074094567, 206.3470605875842]","[192.2874853213823, 200.12116844157572]","[-80.68909768513593, -282.36344758082834]","[-233.25467677719303, -157.90369530315706]","[112.1301909817773, 120.89608872008326]","[-38.016512498671034, 25.075382109579436]","[-215.11874490164763, -42.09269435651567]","[-35.63653916462235, 47.80450230482175]","[-161.99609491130548, -192.7932008834906]","[51.721611087660314, -56.570880812766205]","[-188.20340786711643, 152.6889877891689]","[-214.4573650472795, 20.108222437957757]","[-78.49520347507213, 377.7034565976622]","[41.87364898477765, 135.60328042105118]","[206.7422665277022, 26.140245813503782]","[0.2628743490889014, -63.010034192524216]","[-210.14649692903458, 62.00897167492781]","[-112.30874552771249, 8.331279004353302]","[-31.159522162673518, 189.88094665981907]","[-185.4547593010881, 219.39252046192811]","[-208.44930364394259, -142.97343616136257]","[207.97536939664337, -100.66074847616079]","[-163.42043755720022, 225.0]","[-318.6323097756682, -165.02392257766095]","[52.90348429877563, 97.92637733563018]","[2.9372363518205056, 161.46332880394164]","[-208.98052404502724, -33.76216926803098]","[31.081534105439864, -64.09051763198974]","[-327.1258885056838, 221.0753468473006]","[219.16490684297915, 115.3831614423023]","[-197.4974720513906, -111.36538917837257]","[-27.320938745208867, 188.8822324225167]","[137.03018557703044, 1.3610221372977005]","[0.7035552464810686, -41.997150072928406]","[101.9648458835705, -148.560074735631]","[69.06682980486462, 117.76782401828052]","[10.42053604270226, -192.60500016309678]","[-237.81400317691882, 74.59729929851603]","[79.8385212255133, 8.058342521587267]","[-132.01559542709492, -49.74912470290643]","[-20.66075333077048, -84.55306956653595]","[-103.77158623869377, 67.0449662265391]","[54.973129796507315, 116.963423810671]","[-65.64940891201104, 221.1553815691354]","[150.9171816690922, 90.75347725598795]","[23.11365665542164, 90.97826956356884]"
"[-327.9726120241854, 88.83967832152382]","[220.85756698954117, 42.21821355447915]","[155.8820733009129, 179.6550848610922]","[-198.60122762166108, -86.72016072452816]","[-92.86386077871245, -45.54138404085228]","[-26.51479368900914, -91.55420982109277]","[83.61563940495803, 166.15349806374422]","[163.13847624677126, 284.9153578331563]","[173.27299852644109, 116.0603815776582]","[-310.6074217367254, 11.32113386336855]","[-226.75329190481162, 91.82533761000379]","[-276.74758665088757, -19.466604421268624]","[-176.33384625596545, 202.85833138959785]","[-95.43252551512617, -374.41406843753174]","[-16.053760657183766, -195.27849609816076]","[-154.10635253822693, 48.24031644233522]","[74.38431630758005, -10.891748409714085]","[62.585649127970164, 191.6025824632867]","[-195.12007044433685, 240.41164826306095]","[166.6348795614117, 192.38547340089553]","[-509.9792846265042, 321.9108255300685]","[-23.50638198845973, 264.107395940379]","[-209.6697204071738, 135.37853048683715]","[-101.70366603039706, 256.1199171018916]","[-105.59060043566754, 13.814718654724661]","[241.92357292912976, 16.801319142359034]","[154.3557333083983, 154.10789891102021]","[-202.61568611314183, 174.29341310579557]","[-24.030902431222156, 84.62227858054115]","[-17.606890646526974, -178.58014670761338]","[-183.50530645553204, -15.11088142454139]","[185.96666118338538, -284.1363064004799]","[67.72256860137202, 208.3879409508702]","[125.62856404118054, 63.73313468743088]","[88.54497284310463, 242.75149936461196]","[223.7605612151707, 242.2854604459028]","[178.39428106696153, -81.38843801874435]","[233.16532699864808, 28.483780532021967]","[-142.57564380134454, -148.3314540277505]","[-41.768604898579596, -26.060674865239175]","[-173.9705301642539, -141.55300804847195]","[155.14847436578205, 230.53209728038314]","[-15.57617779903681, -175.2544780675952]","[61.914275760979066, 110.65080986431403]","[134.08571240377952, -93.22971689841837]","[-18.432803687072294, 95.91289788407977]","[-96.89342760690965, 80.00232922667638]","[-78.24151669632522, -140.4792661868198]","[-227.70245587770046, 94.17511813382944]","[-145.69315103236877, 193.14376259514114]","[246.8530655334199, 210.09679131616508]","[8.745979455733, -241.8694766789921]","[-107.89286964673234, 164.8234509601381]","[195.94612394767034, 218.57425640262556]","[180.19592107156654, 1.3137551448611653]","[-69.85575582110766, -19.842125032472097]","[68.09055084533034, -188.04913408000294]","[-247.8058050597822, -42.6209146814507]","[238.3495840741768, -53.90130292207712]","[-189.42060074094567, 206.3470605875842]","[192.2874853213823, 200.12116844157572]","[-80.68909768513593, -282.36344758082834]","[-233.25467677719303, -157.90369530315706]","[112.1301909817773, 120.89608872008326]","[-38.016512498671034, 25.075382109579436]","[-215.11874490164763, -42.09269435651567]","[-35.63653916462235, 47.80450230482175]","[-161.99609491130548, -192.7932008834906]","[51.721611087660314, -56.570880812766205]","[-188.20340786711643, 152.6889877891689]","[-214.4573650472795, 20.108222437957757]","[-78.49520347507213, 377.7034565976622]","[41.87364898477765, 135.60328042105118]","[206.7422665277022, 26.140245813503782]","[0.2628743490889014, -63.010034192524216]","[-210.14649692903458, 62.00897167492781]","[-112.30874552771249, 8.331279004353302]","[-31.159522162673518, 189.88094665981907]","[-185.4547593010881, 219.39252046192811]","[-208.44930364394259, -142.97343616136257]","[207.97536939664337, -100.66074847616079]","[-163.42043755720022, 225.0]","[-318.6323097756682, -165.02392257766095]","[52.90348429877563, 97.92637733563018]","[2.9372363518205056, 161.46332880394164]","[-208.98052404502724, -33.76216926803098]","[31.081534105439864, -64.09051763198974]","[-325.8727303117912, 221.9303493102683]","[218.948792281608, 115.21216742164683]","[-195.92330434959024, -109.490033222016]","[-26.888380920957346, 188.76675954927657]","[136.17945170951305, 0.3743933275679865]","[-0.011127892538151052, -41.108155631185014]","[103.63021054592497, -149.87711454065436]","[68.90546773774346, 116.92111282639512]","[8.60283001037887, -191.1037486221785]","[-237.5108181093973, 75.39719927253515]","[86.84787128392753, -16.71650252897772]","[-132.5717285910614, -48.81390709931037]","[-21.351892343021238, -84.20318325418543]","[-401.83918507047105, 108.2590092565954]","[130.21385588594794, -179.11093154007364]","[188.93957408731376, 391.83983748617226]","[147.23624567754527, 61.278188489371175]","[96.09287037026655, 166.6124984034443]"
"[-326.0081451381475, 88.77537310127353]","[221.55913184559353, 42.418172287784245]","[156.76356423430138, 178.4929546696447]","[-197.99371067379948, -85.80254129486053]","[-94.26387423611777, -44.01090849602547]","[-26.804928905858322, -90.15904266948688]","[83.39682845947863, 166.63448136073046]","[162.29194855529494, 284.0528502225277]","[172.2804487369038, 114.57682618398056]","[-311.6227190792868, 10.83701495026462]","[-227.64909330575153, 91.62722921288477]","[-277.97787187183314, -20.464885248278556]","[-175.3360176563679, 202.22862474529316]","[-96.92633721150375, -372.5079007826218]","[-14.34781184483708, -194.3901513415871]","[-152.44814573806931, 47.90248792851388]","[74.771540422686, -12.348276216530142]","[64.06145871640388, 192.46534488777786]","[-197.04433992125297, 238.7468928255163]","[166.08612526003355, 190.64924030807038]","[-511.51700402364605, 321.3841109208941]","[-25.20289497327929, 262.972065622109]","[-209.72305860750058, 134.83217301705977]","[-100.40955343879978, 255.06267183436643]","[-105.4238814019921, 12.836120130710185]","[239.92781887751144, 15.437080540300427]","[153.64200434570992, 155.87850600978643]","[-203.31424644600932, 173.35375482165514]","[-22.746291803765807, 83.25164567270333]","[-19.164279598188653, -180.38658051859957]","[-183.2019245432296, -15.150555761132154]","[186.8855866592925, -285.6408504275619]","[66.9626603371353, 206.73743849048978]","[125.3652984712227, 63.29503235483912]","[87.24300758750122, 243.02833862763381]","[224.0377241157125, 241.6427302229514]","[178.39428106696153, -81.38843801874435]","[233.16532699864808, 28.483780532021967]","[-142.57564380134454, -148.3314540277505]","[-41.768604898579596, -26.060674865239175]","[-173.9705301642539, -141.55300804847195]","[153.54621965966277, 234.23902771459157]","[-15.57617779903681, -175.2544780675952]","[61.914275760979066, 110.65080986431403]","[134.08571240377952, -93.22971689841837]","[-18.432803687072294, 95.91289788407977]","[-96.89342760690965, 80.00232922667638]","[-78.24151669632522, -140.4792661868198]","[-227.70245587770046, 94.17511813382944]","[-145.69315103236877, 193.14376259514114]","[246.8530655334199, 210.09679131616508]","[8.745979455733, -241.8694766789921]","[-107.89286964673234, 164.8234509601381]","[195.94612394767034, 218.57425640262556]","[180.19592107156654, 1.3137551448611653]","[-69.85575582110766, -19.842125032472097]","[68.09055084533034, -188.04913408000294]","[-247.8058050597822, -42.6209146814507]","[238.3495840741768, -53.90130292207712]","[-189.42060074094567, 206.3470605875842]","[192.2874853213823, 200.12116844157572]","[-80.68909768513593, -282.36344758082834]","[-233.25467677719303, -157.90369530315706]","[112.1301909817773, 120.89608872008326]","[-38.016512498671034, 25.075382109579436]","[-215.11874490164763, -42.09269435651567]","[-35.63653916462235, 47.80450230482175]","[-161.99609491130548, -192.7932008834906]","[51.721611087660314, -56.570880812766205]","[-188.20340786711643, 152.6889877891689]","[-214.4573650472795, 20.108222437957757]","[-78.49520347507213, 377.7034565976622]","[41.87364898477765, 135.60328042105118]","[206.7422665277022, 26.140245813503782]","[0.2628743490889014, -63.010034192524216]","[-210.14649692903458, 62.00897167492781]","[-112.30874552771249, 8.331279004353302]","[-31.159522162673518, 189.88094665981907]","[-185.4547593010881, 219.39252046192811]","[-208.44930364394259, -142.97343616136257]","[207.97536939664337, -100.66074847616079]","[-163.42043755720022, 225.0]","[-318.6323097756682, -165.02392257766095]","[52.90348429877563, 97.92637733563018]","[2.9372363518205056, 161.46332880394164]","[-208.98052404502724, -33.76216926803098]","[31.081534105439864, -64.09051763198974]","[-325.8727303117912, 221.9303493102683]","[218.948792281608, 115.21216742164683]","[-195.92330434959024, -109.490033222016]","[-26.888380920957346, 188.76675954927657]","[136.17945170951305, 0.3743933275679865]","[-0.011127892538151052, -41.108155631185014]","[103.63021054592497, -149.87711454065436]","[68.90546773774346, 116.92111282639512]","[8.60283001037887, -191.1037486221785]","[-237.5108181093973, 75.39719927253515]","[86.84787128392753, -16.71650252897772]","[-132.5717285910614, -48.81390709931037]","[-21.351892343021238, -84.20318325418543]","[-414.62525860765095, 109.4055745065292]","[197.28440334165154, -440.97888267587274]","[-155.53955600196923, 160.73010569864178]","[133.09816097351845, -53.000582604121206]","[155.46808632922117, 229.05929108533556]"
"[-326.0081451381475, 88.77537310127353]","[221.55913184559353, 42.418172287784245]","[156.76356423430138, 178.4929546696447]","[-197.99371067379948, -85.80254129486053]","[-94.26387423611777, -44.01090849602547]","[-26.804928905858322, -90.15904266948688]","[83.39682845947863, 166.63448136073046]","[162.29194855529494, 284.0528502225277]","[172.2804487369038, 114.57682618398056]","[-311.6227190792868, 10.83701495026462]","[-227.64909330575153, 91.62722921288477]","[-277.97787187183314, -20.464885248278556]","[-175.3360176563679, 202.22862474529316]","[-96.92633721150375, -372.5079007826218]","[-14.34781184483708, -194.3901513415871]","[-152.44814573806931, 47.90248792851388]","[74.771540422686, -12.348276216530142]","[64.06145871640388, 192.46534488777786]","[-197.04433992125297, 238.7468928255163]","[166.08612526003355, 190.64924030807038]","[-511.51700402364605, 321.3841109208941]","[-25.20289497327929, 262.972065622109]","[-209.72305860750058, 134.83217301705977]","[-100.40955343879978, 255.06267183436643]","[-105.4238814019921, 12.836120130710185]","[239.92781887751144, 15.437080540300427]","[153.64200434570992, 155.87850600978643]","[-203.31424644600932, 173.35375482165514]","[-22.746291803765807, 83.25164567270333]","[-19.164279598188653, -180.38658051859957]","[-183.2019245432296, -15.150555761132154]","[186.8855866592925, -285.6408504275619]","[66.9626603371353, 206.73743849048978]","[125.3652984712227, 63.29503235483912]","[87.24300758750122, 243.02833862763381]","[224.0377241157125, 241.6427302229514]","[176.65836253363872, -81.72373937655665]","[233.74266010574266, 26.608201265308466]","[-142.20334536567827, -147.05757738588446]","[-43.429730106653274, -25.1705139455998]","[-172.54090624154867, -139.7870440502031]","[151.46714557806592, 236.93611895897862]","[-17.311041291859553, -175.08499514143787]","[63.40054529123109, 110.67578571176976]","[132.6502214559821, -91.63818318185305]","[-17.805403818753447, 94.80264423708262]","[-98.42533573572786, 81.78812669905768]","[-76.71442800690826, -139.4606685506348]","[-225.86303093940396, 94.01911754255124]","[-146.02287851891197, 192.8682364823311]","[245.31428982735537, 209.63596243459955]","[7.022621579152034, -243.79338656038468]","[-106.3341368249639, 163.02635816684716]","[195.6227712315157, 219.23762270271934]","[178.38148968126535, 2.967817828606208]","[-68.27917567186151, -18.122200926488958]","[68.03770260572388, -189.67658546998882]","[-247.0419048297921, -40.964518777216796]","[236.53889949744988, -53.82634945500845]","[-189.7985062082192, 205.17834004117614]","[190.72632408286023, 198.58978160020342]","[-78.8159336929609, -280.48997012701113]","[-233.7280580906642, -156.18597013541267]","[113.68430323117406, 120.54662139878555]","[-38.44567365933786, 25.542360042064416]","[-216.96282116646714, -40.49779492670313]","[-34.80212984907315, 46.01180595856538]","[-160.60309830099496, -190.8572437721867]","[52.09217107985505, -55.57944066463126]","[-189.42495814808487, 151.96359449592492]","[-216.38203344732128, 19.775998270316077]","[-79.64027786947965, 378.9127760515034]","[43.36913644851971, 137.41054043608872]","[204.783503557019, 24.78811173541463]","[-1.0491658527293524, -63.296106842257224]","[-211.47315753364296, 62.22357780617523]","[-111.39120072513079, 9.557396111651634]","[-33.02236223991186, 189.09098046909833]","[-185.4547593010881, 219.39252046192811]","[-208.44930364394259, -142.97343616136257]","[207.97536939664337, -100.66074847616079]","[-163.42043755720022, 225.0]","[-318.6323097756682, -165.02392257766095]","[52.90348429877563, 97.92637733563018]","[2.9372363518205056, 161.46332880394164]","[-208.98052404502724, -33.76216926803098]","[31.081534105439864, -64.09051763198974]","[-325.8727303117912, 221.9303493102683]","[218.948792281608, 115.21216742164683]","[-195.92330434959024, -109.490033222016]","[-26.888380920957346, 188.76675954927657]","[136.17945170951305, 0.3743933275679865]","[-0.011127892538151052, -41.108155631185014]","[103.63021054592497, -149.87711454065436]","[68.90546773774346, 116.92111282639512]","[8.60283001037887, -191.1037486221785]","[-237.5108181093973, 75.39719927253515]","[86.84787128392753, -16.71650252897772]","[-132.5717285910614, -48.81390709931037]","[-21.351892343021238, -84.20318325418543]","[-185.36389065249818, 187.81584659826754]","[93.65057762215531, -35.96730460936156]","[44.59322431152259, 294.49479585457266]","[101.14085324141772, 105.70163541346467]","[263.1261810054425, 342.3821662500379]"
"[-326.0081451381475, 88.77537310127353]","[221.55913184559353, 42.418172287784245]","[156.76356423430138, 178.4929546696447]","[-197.99371067379948, -85.80254129486053]","[-94.26387423611777, -44.01090849602547]","[-26.804928905858322, -90.15904266948688]","[83.39682845947863, 166.63448136073046]","[162.29194855529494, 284.0528502225277]","[172.2804487369038, 114.57682618398056]","[-311.6227190792868, 10.83701495026462]","[-227.64909330575153, 91.62722921288477]","[-277.97787187183314, -20.464885248278556]","[-175.3360176563679, 202.22862474529316]","[-96.92633721150375, -372.5079007826218]","[-14.34781184483708, -194.3901513415871]","[-152.44814573806931, 47.90248792851388]","[74.771540422686, -12.348276216530142]","[64.06145871640388, 192.46534488777786]","[-197.04433992125297, 238.7468928255163]","[166.08612526003355, 190.64924030807038]","[-511.51700402364605, 321.3841109208941]","[-25.20289497327929, 262.972065622109]","[-209.72305860750058, 134.83217301705977]","[-100.40955343879978, 255.06267183436643]","[-105.4238814019921, 12.836120130710185]","[239.92781887751144, 15.437080540300427]","[153.64200434570992, 155.87850600978643]","[-203.31424644600932, 173.35375482165514]","[-22.746291803765807, 83.25164567270333]","[-19.164279598188653, -180.38658051859957]","[-183.2019245432296, -15.150555761132154]","[186.8855866592925, -285.6408504275619]","[66.9626603371353, 206.73743849048978]","[125.3652984712227, 63.29503235483912]","[87.24300758750122, 243.02833862763381]","[224.0377241157125, 241.6427302229514]","[176.65836253363872, -81.72373937655665]","[233.74266010574266, 26.608201265308466]","[-142.20334536567827, -147.05757738588446]","[-43.429730106653274, -25.1705139455998]","[-172.54090624154867, -139.7870440502031]","[151.46714557806592, 236.93611895897862]","[-17.311041291859553, -175.08499514143787]","[63.40054529123109, 110.67578571176976]","[132.6502214559821, -91.63818318185305]","[-17.805403818753447, 94.80264423708262]","[-98.42533573572786, 81.78812669905768]","[-76.71442800690826, -139.4606685506348]","[-225.86303093940396, 94.01911754255124]","[-146.02287851891197, 192.8682364823311]","[245.31428982735537, 209.63596243459955]","[7.022621579152034, -243.79338656038468]","[-106.3341368249639, 163.02635816684716]","[195.6227712315157, 219.23762270271934]","[178.38148968126535, 2.967817828606208]","[-68.27917567186151, -18.122200926488958]","[68.03770260572388, -189.67658546998882]","[-247.0419048297921, -40.964518777216796]","[236.53889949744988, -53.82634945500845]","[-189.7985062082192, 205.17834004117614]","[190.72632408286023, 198.58978160020342]","[-78.8159336929609, -280.48997012701113]","[-233.7280580906642, -156.18597013541267]","[113.68430323117406, 120.54662139878555]","[-38.44567365933786, 25.542360042064416]","[-216.96282116646714, -40.49779492670313]","[-34.80212984907315, 46.01180595856538]","[-160.60309830099496, -190.8572437721867]","[52.09217107985505, -55.57944066463126]","[-189.42495814808487, 151.96359449592492]","[-216.38203344732128, 19.775998270316077]","[-79.64027786947965, 378.9127760515034]","[43.36913644851971, 137.41054043608872]","[204.783503557019, 24.78811173541463]","[-1.0491658527293524, -63.296106842257224]","[-211.47315753364296, 62.22357780617523]","[-111.39120072513079, 9.557396111651634]","[-33.02236223991186, 189.09098046909833]","[-186.9865278630518, 217.7015256720271]","[-206.69866679576134, -143.83616743050706]","[209.4387754465235, -100.93434663602368]","[-161.8997388985288, 223.08383384701455]","[-320.2593359626724, -166.7604550100599]","[52.73162764238309, 96.08795655190025]","[1.2921376500998099, 159.69416197551098]","[-210.61755658580026, -34.097889144051756]","[30.47730318063415, -65.52232183313224]","[-327.1258885056838, 222.785351773236]","[218.73267772023686, 115.04117340099135]","[-194.3491366477899, -107.61467726565942]","[-26.455823096705824, 188.65128667603645]","[135.32871784199565, -0.6122354821617275]","[-0.7258110315573707, -40.21916118944162]","[105.29557520827943, -151.19415434567773]","[68.7441056706223, 116.07440163450971]","[6.7851239780554815, -189.60249708126022]","[-237.20763304187577, 76.19709924655426]","[87.49732375298814, -15.876793198608619]","[-133.12786175502788, -47.87868949571431]","[-22.043031355271996, -83.85329694183491]","[87.18220534576184, 280.24014350075817]","[151.8445767070207, -262.3109843986398]","[203.1730121022979, 400.4863088173042]","[43.744655729243235, 389.6837293388252]","[210.09922792832322, 293.1516008941537]"
"[-327.9726120241854, 88.71106788102324]","[222.26069670164588, 42.61813102108934]","[157.64505516768986, 177.33082447819717]","[-197.3861937259379, -84.88492186519291]","[-95.6638876935231, -42.480432951198665]","[-27.095064122707505, -88.76387551788099]","[83.17801751399922, 167.1154646577167]","[161.4454208638186, 284.9153578331563]","[171.2878989473665, 113.09327079030291]","[-310.6074217367254, 10.352896037160692]","[-228.54489470669145, 91.42912081576576]","[-276.74758665088757, -21.463166075288488]","[-174.33818905677032, 201.59891810098847]","[-98.42014890788133, -374.41406843753174]","[-12.641863032490395, -193.50180658501347]","[-150.7899389379117, 47.564659414692535]","[75.15876453779195, -13.804804023346199]","[65.53726830483758, 193.32810731226903]","[-198.9686093981691, 237.08213738797167]","[165.5373709586554, 188.91300721524522]","[-509.9792846265042, 320.8573963117197]","[-26.89940795809885, 264.107395940379]","[-209.77639680782735, 134.2858155472824]","[-99.11544084720249, 256.1199171018916]","[-105.25716236831667, 11.857521606695709]","[237.93206482589312, 14.072841938241819]","[152.92827538302154, 157.64911310855265]","[-203.31424644600932, 173.35375482165514]","[-22.746291803765807, 83.25164567270333]","[-19.164279598188653, -180.38658051859957]","[-183.2019245432296, -15.150555761132154]","[186.8855866592925, -285.6408504275619]","[66.9626603371353, 206.73743849048978]","[125.3652984712227, 63.29503235483912]","[87.24300758750122, 243.02833862763381]","[224.0377241157125, 241.6427302229514]","[176.65836253363872, -81.72373937655665]","[233.74266010574266, 26.608201265308466]","[-142.20334536567827, -147.05757738588446]","[-43.429730106653274, -25.1705139455998]","[-172.54090624154867, -139.7870440502031]","[147.05630385747128, 230.88484189662472]","[-17.311041291859553, -175.08499514143787]","[63.40054529123109, 110.67578571176976]","[132.6502214559821, -91.63818318185305]","[-17.805403818753447, 94.80264423708262]","[-98.42533573572786, 81.78812669905768]","[-76.71442800690826, -139.4606685506348]","[-225.86303093940396, 94.01911754255124]","[-146.02287851891197, 192.8682364823311]","[245.31428982735537, 209.63596243459955]","[7.022621579152034, -243.79338656038468]","[-106.3341368249639, 163.02635816684716]","[195.6227712315157, 219.23762270271934]","[178.38148968126535, 2.967817828606208]","[-68.27917567186151, -18.122200926488958]","[68.03770260572388, -189.67658546998882]","[-247.0419048297921, -40.964518777216796]","[236.53889949744988, -53.82634945500845]","[-189.7985062082192, 205.17834004117614]","[190.72632408286023, 198.58978160020342]","[-78.8159336929609, -280.48997012701113]","[-233.7280580906642, -156.18597013541267]","[113.68430323117406, 120.54662139878555]","[-38.44567365933786, 25.542360042064416]","[-216.96282116646714, -40.49779492670313]","[-34.80212984907315, 46.01180595856538]","[-160.60309830099496, -190.8572437721867]","[52.09217107985505, -55.57944066463126]","[-189.42495814808487, 151.96359449592492]","[-216.38203344732128, 19.775998270316077]","[-79.64027786947965, 378.9127760515034]","[43.36913644851971, 137.41054043608872]","[204.783503557019, 24.78811173541463]","[-1.0491658527293524, -63.296106842257224]","[-211.47315753364296, 62.22357780617523]","[-111.39120072513079, 9.557396111651634]","[-33.02236223991186, 189.09098046909833]","[-186.9865278630518, 217.7015256720271]","[-206.69866679576134, -143.83616743050706]","[209.4387754465235, -100.93434663602368]","[-161.8997388985288, 223.08383384701455]","[-320.2593359626724, -166.7604550100599]","[52.73162764238309, 96.08795655190025]","[1.2921376500998099, 159.69416197551098]","[-210.61755658580026, -34.097889144051756]","[30.47730318063415, -65.52232183313224]","[-327.1258885056838, 222.785351773236]","[218.73267772023686, 115.04117340099135]","[-194.3491366477899, -107.61467726565942]","[-26.455823096705824, 188.65128667603645]","[135.32871784199565, -0.6122354821617275]","[-0.7258110315573707, -40.21916118944162]","[105.29557520827943, -151.19415434567773]","[68.7441056706223, 116.07440163450971]","[6.7851239780554815, -189.60249708126022]","[-237.20763304187577, 76.19709924655426]","[87.49732375298814, -15.876793198608619]","[-133.12786175502788, -47.87868949571431]","[-22.043031355271996, -83.85329694183491]","[-34.92768579588926, 238.5522838499339]","[203.9924460169237, -467.89825687123846]","[318.6201617962638, 477.6488415319962]","[-14.794149433674832, 679.4485745382757]","[155.6878453975977, 243.0251939850607]"
"[-327.9726120241854, 88.71106788102324]","[222.26069670164588, 42.61813102108934]","[157.64505516768986, 177.33082447819717]","[-197.3861937259379, -84.88492186519291]","[-95.6638876935231, -42.480432951198665]","[-27.095064122707505, -88.76387551788099]","[83.17801751399922, 167.1154646577167]","[161.4454208638186, 284.9153578331563]","[171.2878989473665, 113.09327079030291]","[-310.6074217367254, 10.352896037160692]","[-228.54489470669145, 91.42912081576576]","[-276.74758665088757, -21.463166075288488]","[-174.33818905677032, 201.59891810098847]","[-98.42014890788133, -374.41406843753174]","[-12.641863032490395, -193.50180658501347]","[-150.7899389379117, 47.564659414692535]","[75.15876453779195, -13.804804023346199]","[65.53726830483758, 193.32810731226903]","[-198.9686093981691, 237.08213738797167]","[165.5373709586554, 188.91300721524522]","[-509.9792846265042, 320.8573963117197]","[-26.89940795809885, 264.107395940379]","[-209.77639680782735, 134.2858155472824]","[-99.11544084720249, 256.1199171018916]","[-105.25716236831667, 11.857521606695709]","[237.93206482589312, 14.072841938241819]","[152.92827538302154, 157.64911310855265]","[-204.0128067788768, 172.41409653751472]","[-21.461681176309458, 81.88101276486552]","[-20.72166854985033, -182.19301432958576]","[-182.89854263092718, -15.190230097722917]","[187.80451213519962, -284.1363064004799]","[66.20275207289859, 205.08693603010937]","[125.10203290126486, 62.85693002224736]","[85.94104233189782, 243.30517789065567]","[224.31488701625432, 241.0]","[174.92244400031592, -82.05904073436895]","[234.31999321283723, 24.732621998594965]","[-141.831046930012, -145.7837007440184]","[-45.09085531472695, -24.280353025960427]","[-171.11128231884345, -138.02108005193423]","[140.30695690616628, 225.78626907755915]","[-19.045904784682296, -174.91551221528056]","[64.88681482148311, 110.7007615592255]","[131.21473050818466, -90.04664946528773]","[-17.1780039504346, 93.69239059008547]","[-99.95724386454606, 83.57392417143899]","[-75.18733931749131, -138.4420709144498]","[-224.02360600110745, 93.86311695127304]","[-146.35260600545516, 192.59271036952106]","[243.77551412129083, 209.17513355303402]","[5.299263702571068, -245.71729644177725]","[-104.77540400319548, 161.22926537355622]","[195.29941851536108, 219.9009890028131]","[176.56705829096416, 4.62188051235125]","[-66.70259552261535, -16.40227682050582]","[67.98485436611742, -191.3040368599747]","[-246.278004599802, -39.30812287298289]","[234.72821492072296, -53.75139598793977]","[-190.17641167549274, 204.0096194947681]","[189.16516284433817, 197.05839475883113]","[-76.94276970078586, -282.36344758082834]","[-234.20143940413539, -154.46824496766828]","[115.23841548057081, 120.19715407748784]","[-38.87483482000468, 26.009337974549396]","[-218.80689743128664, -38.90289549689059]","[-33.967720533523945, 44.21910961230901]","[-159.21010169068444, -188.9212866608828]","[52.462731072049785, -54.58800051649631]","[-190.6465084290533, 151.23820120268095]","[-218.30670184736306, 19.443774102674396]","[-80.78535226388716, 377.7034565976622]","[43.36913644851971, 137.41054043608872]","[204.783503557019, 24.78811173541463]","[-1.0491658527293524, -63.296106842257224]","[-211.47315753364296, 62.22357780617523]","[-111.39120072513079, 9.557396111651634]","[-33.02236223991186, 189.09098046909833]","[-186.9865278630518, 217.7015256720271]","[-206.69866679576134, -143.83616743050706]","[209.4387754465235, -100.93434663602368]","[-161.8997388985288, 223.08383384701455]","[-320.2593359626724, -166.7604550100599]","[52.73162764238309, 96.08795655190025]","[1.2921376500998099, 159.69416197551098]","[-210.61755658580026, -34.097889144051756]","[30.47730318063415, -65.52232183313224]","[-327.1258885056838, 222.785351773236]","[218.73267772023686, 115.04117340099135]","[-194.3491366477899, -107.61467726565942]","[-26.455823096705824, 188.65128667603645]","[135.32871784199565, -0.6122354821617275]","[-0.7258110315573707, -40.21916118944162]","[105.29557520827943, -151.19415434567773]","[68.7441056706223, 116.07440163450971]","[6.7851239780554815, -189.60249708126022]","[-237.20763304187577, 76.19709924655426]","[87.49732375298814, -15.876793198608619]","[-133.12786175502788, -47.87868949571431]","[-22.043031355271996, -83.85329694183491]","[156.33646956067815, 303.6070486108971]","[219.86937961933845, -532.7753925413396]","[124.95417003692569, 381.5743197264506]","[61.6494763121176, 300.0216807701412]","[105.4727548094076, 196.61831610126706]"
"[-327.9726120241854, 88.71106788102324]","[222.26069670164588, 42.61813102108934]","[157.64505516768986, 177.33082447819717]","[-197.3861937259379, -84.88492186519291]","[-95.6638876935231, -42.480432951198665]","[-27.095064122707505, -88.76387551788099]","[83.17801751399922, 167.1154646577167]","[196.24566632067564, 192.01909327941723]","[171.2878989473665, 113.09327079030291]","[-310.6074217367254, 10.352896037160692]","[-228.54489470669145, 91.42912081576576]","[-276.74758665088757, -21.463166075288488]","[-174.33818905677032, 201.59891810098847]","[-98.42014890788133, -374.41406843753174]","[-12.641863032490395, -193.50180658501347]","[-150.7899389379117, 47.564659414692535]","[75.15876453779195, -13.804804023346199]","[65.53726830483758, 193.32810731226903]","[-198.9686093981691, 237.08213738797167]","[165.5373709586554, 188.91300721524522]","[-509.9792846265042, 320.8573963117197]","[-26.89940795809885, 264.107395940379]","[-209.77639680782735, 134.2858155472824]","[-99.11544084720249, 256.1199171018916]","[-105.25716236831667, 11.857521606695709]","[237.93206482589312, 14.072841938241819]","[152.92827538302154, 157.64911310855265]","[-204.0128067788768, 172.41409653751472]","[-21.461681176309458, 81.88101276486552]","[-20.72166854985033, -182.19301432958576]","[-182.89854263092718, -15.190230097722917]","[187.80451213519962, -284.1363064004799]","[66.20275207289859, 205.08693603010937]","[125.10203290126486, 62.85693002224736]","[85.94104233189782, 243.30517789065567]","[224.31488701625432, 241.0]","[174.92244400031592, -82.05904073436895]","[234.31999321283723, 24.732621998594965]","[-141.831046930012, -145.7837007440184]","[-45.09085531472695, -24.280353025960427]","[-171.11128231884345, -138.02108005193423]","[140.30695690616628, 225.78626907755915]","[-19.045904784682296, -174.91551221528056]","[64.88681482148311, 110.7007615592255]","[131.21473050818466, -90.04664946528773]","[-17.1780039504346, 93.69239059008547]","[-99.95724386454606, 83.57392417143899]","[-75.18733931749131, -138.4420709144498]","[-224.02360600110745, 93.86311695127304]","[-146.35260600545516, 192.59271036952106]","[243.77551412129083, 209.17513355303402]","[5.299263702571068, -245.71729644177725]","[-104.77540400319548, 161.22926537355622]","[195.29941851536108, 219.9009890028131]","[176.56705829096416, 4.62188051235125]","[-66.70259552261535, -16.40227682050582]","[67.98485436611742, -191.3040368599747]","[-246.278004599802, -39.30812287298289]","[234.72821492072296, -53.75139598793977]","[-190.17641167549274, 204.0096194947681]","[189.16516284433817, 197.05839475883113]","[-76.94276970078586, -282.36344758082834]","[-234.20143940413539, -154.46824496766828]","[115.23841548057081, 120.19715407748784]","[-38.87483482000468, 26.009337974549396]","[-218.80689743128664, -38.90289549689059]","[-33.967720533523945, 44.21910961230901]","[-159.21010169068444, -188.9212866608828]","[52.462731072049785, -54.58800051649631]","[-190.6465084290533, 151.23820120268095]","[-218.30670184736306, 19.443774102674396]","[-80.78535226388716, 377.7034565976622]","[27.30707256523947, 124.00036432961024]","[202.8247405863358, 23.43597765732548]","[-2.361206054547606, -63.58217949199023]","[-212.79981813825134, 62.43818393742265]","[-110.47365592254909, 10.783513218949967]","[-34.885202317150195, 188.30101427837758]","[-188.5182964250155, 216.01053088212606]","[-204.9480299475801, -144.69889869965155]","[210.9021814964036, -101.20794479588656]","[-160.37904023985737, 221.1676676940291]","[-318.6323097756682, -168.49698744245885]","[52.559770985990546, 94.24953576817032]","[-0.35296105162088587, 157.92499514708032]","[-212.25458912657328, -34.43360902007253]","[29.873072255828433, -66.95412603427474]","[-325.8727303117912, 223.64035423620368]","[218.51656315886572, 114.87017938033588]","[-192.77496894598954, -105.73932130930285]","[-26.023265272454303, 188.53581380279633]","[134.47798397447826, -1.5988642918914415]","[-1.4404941705765903, -39.33016674769823]","[106.9609398706339, -152.5111941507011]","[68.58274360350114, 115.22769044262431]","[4.967417945732093, -188.10124554034195]","[-236.90444797435424, 76.99699922057337]","[88.14677622204874, -15.037083868239517]","[-133.68399491899436, -46.943471892118254]","[-22.734170367522754, -83.50341062948439]","[213.08254452830096, 155.93799380828682]","[177.46505804283797, -381.53460518424765]","[-155.65182968312968, 242.4380308250257]","[-6.538015679421592, 636.9306507635762]","[48.15398680647405, 143.37945866997984]"
"[-326.0081451381475, 88.64676266077295]","[222.96226155769824, 42.818089754394435]","[158.52654610107834, 176.16869428674966]","[-196.7786767780763, -83.96730243552528]","[-97.06390115092842, -40.94995740637186]","[-27.38519933955669, -87.3687083662751]","[82.95920656851982, 167.59644795470294]","[238.14974109388046, 84.71884899509426]","[170.2953491578292, 111.60971539662526]","[-311.6227190792868, 9.868777124056763]","[-229.44069610763137, 91.23101241864674]","[-277.97787187183314, -22.46144690229842]","[-173.34036045717275, 200.96921145668378]","[-99.9139606042589, -372.5079007826218]","[-10.93591422014371, -192.61346182843982]","[-149.13173213775408, 47.22683090087119]","[75.5459886528979, -15.261331830162256]","[67.01307789327129, 194.1908697367602]","[-200.89287887508522, 235.41738195042703]","[164.98861665727725, 187.17677412242006]","[-511.51700402364605, 320.3306817025453]","[-26.89940795809885, 264.107395940379]","[-209.77639680782735, 134.2858155472824]","[-99.11544084720249, 256.1199171018916]","[-105.25716236831667, 11.857521606695709]","[237.93206482589312, 14.072841938241819]","[152.92827538302154, 157.64911310855265]","[-204.0128067788768, 172.41409653751472]","[-21.461681176309458, 81.88101276486552]","[-20.72166854985033, -182.19301432958576]","[-182.89854263092718, -15.190230097722917]","[187.80451213519962, -284.1363064004799]","[66.20275207289859, 205.08693603010937]","[125.10203290126486, 62.85693002224736]","[85.94104233189782, 243.30517789065567]","[224.31488701625432, 241.0]","[174.92244400031592, -82.05904073436895]","[234.31999321283723, 24.732621998594965]","[-141.831046930012, -145.7837007440184]","[-45.09085531472695, -24.280353025960427]","[-171.11128231884345, -138.02108005193423]","[140.30695690616628, 225.78626907755915]","[-19.045904784682296, -174.91551221528056]","[64.88681482148311, 110.7007615592255]","[131.21473050818466, -90.04664946528773]","[-17.1780039504346, 93.69239059008547]","[-99.95724386454606, 83.57392417143899]","[-75.18733931749131, -138.4420709144498]","[-224.02360600110745, 93.86311695127304]","[-146.35260600545516, 192.59271036952106]","[243.77551412129083, 209.17513355303402]","[5.299263702571068, -245.71729644177725]","[-104.77540400319548, 161.22926537355622]","[195.29941851536108, 219.9009890028131]","[176.56705829096416, 4.62188051235125]","[-66.70259552261535, -16.40227682050582]","[67.98485436611742, -191.3040368599747]","[-246.278004599802, -39.30812287298289]","[234.72821492072296, -53.75139598793977]","[-190.17641167549274, 204.0096194947681]","[189.16516284433817, 197.05839475883113]","[-76.94276970078586, -282.36344758082834]","[-234.20143940413539, -154.46824496766828]","[115.23841548057081, 120.19715407748784]","[-38.87483482000468, 26.009337974549396]","[-218.80689743128664, -38.90289549689059]","[-33.967720533523945, 44.21910961230901]","[-159.21010169068444, -188.9212866608828]","[52.462731072049785, -54.58800051649631]","[-190.6465084290533, 151.23820120268095]","[-218.30670184736306, 19.443774102674396]","[-80.78535226388716, 377.7034565976622]","[-4.104057343375417, 98.13408178374424]","[202.8247405863358, 23.43597765732548]","[-2.361206054547606, -63.58217949199023]","[-212.79981813825134, 62.43818393742265]","[-110.47365592254909, 10.783513218949967]","[-34.885202317150195, 188.30101427837758]","[-188.5182964250155, 216.01053088212606]","[-204.9480299475801, -144.69889869965155]","[210.9021814964036, -101.20794479588656]","[-160.37904023985737, 221.1676676940291]","[-318.6323097756682, -168.49698744245885]","[52.559770985990546, 94.24953576817032]","[-0.35296105162088587, 157.92499514708032]","[-212.25458912657328, -34.43360902007253]","[29.873072255828433, -66.95412603427474]","[-325.8727303117912, 223.64035423620368]","[218.51656315886572, 114.87017938033588]","[-192.77496894598954, -105.73932130930285]","[-26.023265272454303, 188.53581380279633]","[134.47798397447826, -1.5988642918914415]","[-1.4404941705765903, -39.33016674769823]","[106.9609398706339, -152.5111941507011]","[68.58274360350114, 115.22769044262431]","[4.967417945732093, -188.10124554034195]","[-236.90444797435424, 76.99699922057337]","[88.14677622204874, -15.037083868239517]","[-133.68399491899436, -46.943471892118254]","[-22.734170367522754, -83.50341062948439]","[315.8801633990677, -104.02416308354287]","[139.73412888736047, -245.4458309799935]","[-411.0056192989256, 115.61398083555468]","[-40.98386733145733, 807.1248617792146]","[-7.535456030215354, 97.862196748698]"
"[-326.0081451381475, 88.64676266077295]","[222.96226155769824, 42.818089754394435]","[158.52654610107834, 176.16869428674966]","[-196.7786767780763, -83.96730243552528]","[-97.06390115092842, -40.94995740637186]","[-27.38519933955669, -87.3687083662751]","[82.95920656851982, 167.59644795470294]","[238.14974109388046, 84.71884899509426]","[170.2953491578292, 111.60971539662526]","[-311.6227190792868, 9.868777124056763]","[-229.44069610763137, 91.23101241864674]","[-277.97787187183314, -22.46144690229842]","[-173.34036045717275, 200.96921145668378]","[-99.9139606042589, -372.5079007826218]","[-10.93591422014371, -192.61346182843982]","[-149.13173213775408, 47.22683090087119]","[75.5459886528979, -15.261331830162256]","[67.01307789327129, 194.1908697367602]","[-200.89287887508522, 235.41738195042703]","[164.98861665727725, 187.17677412242006]","[-511.51700402364605, 320.3306817025453]","[-28.595920942918408, 262.972065622109]","[-209.82973500815413, 133.73945807750502]","[-97.82132825560521, 255.06267183436643]","[-105.09044333464124, 10.878923082681233]","[235.9363107742748, 12.708603336183211]","[152.21454642033316, 159.41972020731887]","[-204.7113671117443, 171.4744382533743]","[-20.17707054885311, 80.5103798570277]","[-22.27905750151201, -183.99944814057196]","[-182.59516071862475, -15.229904434313681]","[188.72343761110673, -285.6408504275619]","[65.44284380866188, 203.43643356972896]","[124.83876733130703, 62.4188276896556]","[84.63907707629441, 243.58201715367753]","[224.59204991679613, 240.3572697770486]","[173.18652546699312, -82.39434209218125]","[234.8973263199318, 22.857042731881464]","[-141.45874849434574, -144.50982410215235]","[-46.75198052280063, -23.390192106321052]","[-169.68165839613823, -136.25511605366538]","[138.61734510469492, 227.5583332159977]","[-20.78076827750504, -174.74602928912324]","[66.37308435173513, 110.72573740668123]","[129.77923956038723, -88.4551157487224]","[-16.550604082115754, 92.58213694308832]","[-101.48915199336426, 85.3597216438203]","[-73.66025062807435, -137.4234732782648]","[-222.18418106281095, 93.70711635999484]","[-146.68233349199835, 192.31718425671102]","[242.23673841522628, 208.71430467146848]","[3.575905825990102, -247.64120632316983]","[-103.21667118142705, 159.43217258026527]","[194.97606579920645, 220.56435530290688]","[174.75262690066296, 6.275943196096293]","[-65.1260153733692, -14.682352714522677]","[67.93200612651096, -192.93148824996058]","[-245.5141043698119, -37.65172696874899]","[232.91753034399605, -53.6764425208711]","[-190.55431714276628, 202.84089894836004]","[187.6040016058161, 195.52700791745883]","[-75.06960570861082, -280.48997012701113]","[-234.67482071760656, -152.7505197999239]","[115.23841548057081, 120.19715407748784]","[-38.87483482000468, 26.009337974549396]","[-218.80689743128664, -38.90289549689059]","[-33.967720533523945, 44.21910961230901]","[-159.21010169068444, -188.9212866608828]","[52.462731072049785, -54.58800051649631]","[-190.6465084290533, 151.23820120268095]","[-218.30670184736306, 19.443774102674396]","[-80.78535226388716, 377.7034565976622]","[-32.89759309293785, 74.53757701136787]","[202.8247405863358, 23.43597765732548]","[-2.361206054547606, -63.58217949199023]","[-212.79981813825134, 62.43818393742265]","[-110.47365592254909, 10.783513218949967]","[-34.885202317150195, 188.30101427837758]","[-188.5182964250155, 216.01053088212606]","[-204.9480299475801, -144.69889869965155]","[210.9021814964036, -101.20794479588656]","[-160.37904023985737, 221.1676676940291]","[-318.6323097756682, -168.49698744245885]","[52.559770985990546, 94.24953576817032]","[-0.35296105162088587, 157.92499514708032]","[-212.25458912657328, -34.43360902007253]","[29.873072255828433, -66.95412603427474]","[-325.8727303117912, 223.64035423620368]","[218.51656315886572, 114.87017938033588]","[-192.77496894598954, -105.73932130930285]","[-26.023265272454303, 188.53581380279633]","[134.47798397447826, -1.5988642918914415]","[-1.4404941705765903, -39.33016674769823]","[106.9609398706339, -152.5111941507011]","[68.58274360350114, 115.22769044262431]","[4.967417945732093, -188.10124554034195]","[-236.90444797435424, 76.99699922057337]","[88.14677622204874, -15.037083868239517]","[-133.68399491899436, -46.943471892118254]","[-22.734170367522754, -83.50341062948439]","[257.44720980293465, 44.8176436858394]","[98.28328679921445, -97.21040160362975]","[-685.2492807744551, -19.85615473463921]","[55.192903718053515, 539.3182753523026]","[-66.27581677304349, 50.320284110127275]"
"[-326.0081451381475, 88.64676266077295]","[222.96226155769824, 42.818089754394435]","[158.52654610107834, 176.16869428674966]","[-196.7786767780763, -83.96730243552528]","[-97.06390115092842, -40.94995740637186]","[-27.38519933955669, -87.3687083662751]","[82.95920656851982, 167.59644795470294]","[238.14974109388046, 84.71884899509426]","[170.2953491578292, 111.60971539662526]","[-311.6227190792868, 9.868777124056763]","[-229.44069610763137, 91.23101241864674]","[-277.97787187183314, -22.46144690229842]","[-173.34036045717275, 200.96921145668378]","[-99.9139606042589, -372.5079007826218]","[-10.93591422014371, -192.61346182843982]","[-149.13173213775408, 47.22683090087119]","[53.46496638259783, 32.11588206879853]","[67.01307789327129, 194.1908697367602]","[-200.89287887508522, 235.41738195042703]","[164.98861665727725, 187.17677412242006]","[-511.51700402364605, 320.3306817025453]","[-28.595920942918408, 262.972065622109]","[-209.82973500815413, 133.73945807750502]","[-97.82132825560521, 255.06267183436643]","[-105.09044333464124, 10.878923082681233]","[235.9363107742748, 12.708603336183211]","[152.21454642033316, 159.41972020731887]","[-204.7113671117443, 171.4744382533743]","[-20.17707054885311, 80.5103798570277]","[-22.27905750151201, -183.99944814057196]","[-182.59516071862475, -15.229904434313681]","[188.72343761110673, -285.6408504275619]","[65.44284380866188, 203.43643356972896]","[124.83876733130703, 62.4188276896556]","[84.63907707629441, 243.58201715367753]","[224.59204991679613, 240.3572697770486]","[173.18652546699312, -82.39434209218125]","[234.8973263199318, 22.857042731881464]","[-141.45874849434574, -144.50982410215235]","[-46.75198052280063, -23.390192106321052]","[-169.68165839613823, -136.25511605366538]","[138.61734510469492, 227.5583332159977]","[-20.78076827750504, -174.74602928912324]","[66.37308435173513, 110.72573740668123]","[129.77923956038723, -88.4551157487224]","[-16.550604082115754, 92.58213694308832]","[-101.48915199336426, 85.3597216438203]","[-73.66025062807435, -137.4234732782648]","[-222.18418106281095, 93.70711635999484]","[-146.68233349199835, 192.31718425671102]","[242.23673841522628, 208.71430467146848]","[3.575905825990102, -247.64120632316983]","[-103.21667118142705, 159.43217258026527]","[194.97606579920645, 220.56435530290688]","[174.75262690066296, 6.275943196096293]","[-65.1260153733692, -14.682352714522677]","[67.93200612651096, -192.93148824996058]","[-245.5141043698119, -37.65172696874899]","[232.91753034399605, -53.6764425208711]","[-190.55431714276628, 202.84089894836004]","[187.6040016058161, 195.52700791745883]","[-75.06960570861082, -280.48997012701113]","[-234.67482071760656, -152.7505197999239]","[116.79252772996756, 119.84768675619013]","[-39.3039959806715, 26.476315907034376]","[-220.65097369610615, -37.307996067078044]","[-33.13331121797474, 42.42641326605264]","[-157.81710508037392, -186.9853295495789]","[52.83329106424452, -53.59656036836136]","[-191.86805871002176, 150.512807909437]","[-220.23137024740484, 19.111549935032716]","[-81.93042665829468, 378.9127760515034]","[-37.70912776642502, 71.21159683057986]","[200.86597761565258, 22.08384357923633]","[-3.67324625636586, -63.86825214172324]","[-214.12647874285972, 62.65279006867007]","[-109.55611111996738, 12.009630326248299]","[-36.748042394388534, 187.51104808765683]","[-190.0500649869792, 214.31953609222504]","[-203.19739309939885, -145.56162996879604]","[212.36558754628373, -101.48154295574945]","[-158.85834158118595, 219.25150154104364]","[-320.2593359626724, -170.2335198748578]","[52.387914329598004, 92.41111498444039]","[-1.9980597533415816, 156.15582831864967]","[-213.8916216673463, -34.769328896093306]","[29.268841331022717, -68.38593023541723]","[-327.1258885056838, 224.49535669917137]","[218.30044859749458, 114.69918535968041]","[-191.2008012441892, -103.86396535294628]","[-25.59070744820278, 188.4203409295562]","[133.62725010696087, -2.5854931016211555]","[-2.15517730959581, -38.44117230595484]","[108.62630453298836, -153.82823395572447]","[68.42138153637998, 114.3809792507389]","[3.149711913408704, -186.59999399942367]","[-236.60126290683272, 77.79689919459248]","[88.79622869110935, -14.197374537870415]","[-134.24012808296084, -46.008254288522195]","[-23.425309379773513, -83.15352431713387]","[336.6645430959201, -158.93396820256524]","[46.59418078706024, 41.60935171955735]","[-954.7077470066199, -153.6840666575764]","[157.04785809428455, 255.85576706492105]","[-125.14802147319898, 2.437478723923393]"
"[-327.9726120241854, 88.58245744052266]","[223.6638264137506, 43.01804848769953]","[159.40803703446682, 175.00656409530214]","[-196.1711598302147, -83.04968300585766]","[-98.46391460833374, -39.41948186154505]","[-27.675334556405872, -85.97354121466921]","[82.74039562304041, 168.07743125168918]","[237.30321340240414, 85.58135660572289]","[169.30279936829191, 110.12616000294761]","[-310.6074217367254, 9.384658210952834]","[-230.33649750857128, 91.03290402152773]","[-276.74758665088757, -23.45972772930835]","[-172.34253185757518, 200.3395048123791]","[-101.40777230063648, -374.41406843753174]","[-9.229965407797025, -191.72511707186618]","[-149.13173213775408, 47.22683090087119]","[17.100047360219342, 103.25389797247855]","[67.01307789327129, 194.1908697367602]","[-200.89287887508522, 235.41738195042703]","[164.98861665727725, 187.17677412242006]","[-511.51700402364605, 320.3306817025453]","[-28.595920942918408, 262.972065622109]","[-209.82973500815413, 133.73945807750502]","[-97.82132825560521, 255.06267183436643]","[-105.09044333464124, 10.878923082681233]","[235.9363107742748, 12.708603336183211]","[152.21454642033316, 159.41972020731887]","[-204.7113671117443, 171.4744382533743]","[-20.17707054885311, 80.5103798570277]","[-22.27905750151201, -183.99944814057196]","[-182.59516071862475, -15.229904434313681]","[188.72343761110673, -285.6408504275619]","[65.44284380866188, 203.43643356972896]","[124.83876733130703, 62.4188276896556]","[84.63907707629441, 243.58201715367753]","[224.59204991679613, 240.3572697770486]","[173.18652546699312, -82.39434209218125]","[234.8973263199318, 22.857042731881464]","[-141.45874849434574, -144.50982410215235]","[-46.75198052280063, -23.390192106321052]","[-169.68165839613823, -136.25511605366538]","[138.61734510469492, 227.5583332159977]","[-20.78076827750504, -174.74602928912324]","[66.37308435173513, 110.72573740668123]","[129.77923956038723, -88.4551157487224]","[-16.550604082115754, 92.58213694308832]","[-101.48915199336426, 85.3597216438203]","[-73.66025062807435, -137.4234732782648]","[-222.18418106281095, 93.70711635999484]","[-146.68233349199835, 192.31718425671102]","[242.23673841522628, 208.71430467146848]","[3.575905825990102, -247.64120632316983]","[-103.21667118142705, 159.43217258026527]","[194.97606579920645, 220.56435530290688]","[174.75262690066296, 6.275943196096293]","[-65.1260153733692, -14.682352714522677]","[67.93200612651096, -192.93148824996058]","[-245.5141043698119, -37.65172696874899]","[232.91753034399605, -53.6764425208711]","[-190.55431714276628, 202.84089894836004]","[187.6040016058161, 195.52700791745883]","[-75.06960570861082, -280.48997012701113]","[-234.67482071760656, -152.7505197999239]","[116.79252772996756, 119.84768675619013]","[-39.3039959806715, 26.476315907034376]","[-220.65097369610615, -37.307996067078044]","[-33.13331121797474, 42.42641326605264]","[-157.81710508037392, -186.9853295495789]","[52.83329106424452, -53.59656036836136]","[-191.86805871002176, 150.512807909437]","[-220.23137024740484, 19.111549935032716]","[-81.93042665829468, 378.9127760515034]","[-37.70912776642502, 71.21159683057986]","[200.86597761565258, 22.08384357923633]","[-3.67324625636586, -63.86825214172324]","[-214.12647874285972, 62.65279006867007]","[-109.55611111996738, 12.009630326248299]","[-36.748042394388534, 187.51104808765683]","[-190.0500649869792, 214.31953609222504]","[-203.19739309939885, -145.56162996879604]","[212.36558754628373, -101.48154295574945]","[-158.85834158118595, 219.25150154104364]","[-320.2593359626724, -170.2335198748578]","[52.387914329598004, 92.41111498444039]","[-1.9980597533415816, 156.15582831864967]","[-213.8916216673463, -34.769328896093306]","[29.268841331022717, -68.38593023541723]","[-327.1258885056838, 224.49535669917137]","[218.30044859749458, 114.69918535968041]","[-191.2008012441892, -103.86396535294628]","[-25.59070744820278, 188.4203409295562]","[133.62725010696087, -2.5854931016211555]","[-2.15517730959581, -38.44117230595484]","[108.62630453298836, -153.82823395572447]","[68.42138153637998, 114.3809792507389]","[3.149711913408704, -186.59999399942367]","[-236.60126290683272, 77.79689919459248]","[88.79622869110935, -14.197374537870415]","[-134.24012808296084, -46.008254288522195]","[-23.425309379773513, -83.15352431713387]","[292.51925650271875, -78.52030990060004]","[-19.737935451706655, 172.36160694290507]","[-188.2700144880357, 226.58391496577184]","[256.02984143183625, -22.16856644192735]","[-182.04256681358066, -44.4573689769855]"
"[-327.9726120241854, 88.58245744052266]","[223.6638264137506, 43.01804848769953]","[159.40803703446682, 175.00656409530214]","[-196.1711598302147, -83.04968300585766]","[-98.46391460833374, -39.41948186154505]","[-27.675334556405872, -85.97354121466921]","[82.74039562304041, 168.07743125168918]","[237.30321340240414, 85.58135660572289]","[169.30279936829191, 110.12616000294761]","[-310.6074217367254, 9.384658210952834]","[-230.33649750857128, 91.03290402152773]","[-276.74758665088757, -23.45972772930835]","[-172.34253185757518, 200.3395048123791]","[-101.40777230063648, -374.41406843753174]","[-9.229965407797025, -191.72511707186618]","[-147.47352533759647, 46.88900238704985]","[16.918650165868108, 102.86595664178446]","[68.48888748170499, 195.05363216125136]","[-202.81714835200134, 233.7526265128824]","[157.34638305043123, 216.65725695823483]","[-509.9792846265042, 319.8039670933709]","[-30.292433927737967, 264.107395940379]","[-209.8830732084809, 133.19310060772764]","[-96.52721566400793, 256.1199171018916]","[-104.9237243009658, 9.900324558666757]","[233.94055672265648, 11.344364734124603]","[151.50081745764479, 161.1903273060851]","[-205.40992744461178, 170.53477996923388]","[-18.89245992139676, 79.13974694918988]","[-23.83644645317369, -185.80588195155815]","[-182.29177880632233, -15.269578770904445]","[189.64236308701385, -284.1363064004799]","[64.68293554442516, 201.78593110934855]","[124.57550176134919, 61.98072535706384]","[83.337111820691, 243.85885641669938]","[224.86921281733794, 239.7145395540972]","[171.45060693367031, -82.72964344999355]","[235.47465942702638, 20.981463465167963]","[-141.08645005867947, -143.2359474602863]","[-48.41310573087431, -22.500031186681678]","[-168.252034473433, -134.48915205539652]","[136.92773330322356, 229.33039735443623]","[-22.515631770327783, -174.57654636296593]","[67.85935388198715, 110.75071325413697]","[128.3437486125898, -86.86358203215708]","[-15.923204213796907, 91.47188329609116]","[-103.02106012218246, 87.1455191162016]","[-72.1331619386574, -136.4048756420798]","[-220.34475612451445, 93.55111576871664]","[-147.01206097854154, 192.04165814390097]","[240.69796270916174, 208.25347578990295]","[1.8525479494091366, -249.5651162045624]","[-101.65793835965862, 157.63507978697433]","[194.65271308305182, 221.22772160300065]","[172.93819551036177, 7.930005879841335]","[-63.549435224123044, -12.962428608539536]","[67.8791578869045, -194.55893963994646]","[-244.7502041398218, -35.995331064515085]","[231.10684576726914, -53.601489053802425]","[-190.55431714276628, 202.84089894836004]","[187.6040016058161, 195.52700791745883]","[-75.06960570861082, -280.48997012701113]","[-234.67482071760656, -152.7505197999239]","[116.79252772996756, 119.84768675619013]","[-39.3039959806715, 26.476315907034376]","[-220.65097369610615, -37.307996067078044]","[-33.13331121797474, 42.42641326605264]","[-157.81710508037392, -186.9853295495789]","[52.83329106424452, -53.59656036836136]","[-191.86805871002176, 150.512807909437]","[-220.23137024740484, 19.111549935032716]","[-81.93042665829468, 378.9127760515034]","[-37.70912776642502, 71.21159683057986]","[200.86597761565258, 22.08384357923633]","[-3.67324625636586, -63.86825214172324]","[-214.12647874285972, 62.65279006867007]","[-109.55611111996738, 12.009630326248299]","[-36.748042394388534, 187.51104808765683]","[-190.0500649869792, 214.31953609222504]","[-203.19739309939885, -145.56162996879604]","[212.36558754628373, -101.48154295574945]","[-158.85834158118595, 219.25150154104364]","[-320.2593359626724, -170.2335198748578]","[52.387914329598004, 92.41111498444039]","[-1.9980597533415816, 156.15582831864967]","[-213.8916216673463, -34.769328896093306]","[29.268841331022717, -68.38593023541723]","[-327.1258885056838, 224.49535669917137]","[218.30044859749458, 114.69918535968041]","[-191.2008012441892, -103.86396535294628]","[-25.59070744820278, 188.4203409295562]","[133.62725010696087, -2.5854931016211555]","[-2.15517730959581, -38.44117230595484]","[108.62630453298836, -153.82823395572447]","[68.42138153637998, 114.3809792507389]","[3.149711913408704, -186.59999399942367]","[-236.60126290683272, 77.79689919459248]","[88.79622869110935, -14.197374537870415]","[-134.24012808296084, -46.008254288522195]","[-23.425309379773513, -83.15352431713387]","[160.7795246157896, 192.50011269703674]","[-88.31060317232294, 306.883762238489]","[-380.2154866094105, 131.51248111772662]","[358.61659031766925, -303.7305361382428]","[-239.82511998403265, -91.02710600191395]"
"[-327.9726120241854, 88.58245744052266]","[223.6638264137506, 43.01804848769953]","[159.40803703446682, 175.00656409530214]","[-196.1711598302147, -83.04968300585766]","[-98.46391460833374, -39.41948186154505]","[-27.675334556405872, -85.97354121466921]","[82.74039562304041, 168.07743125168918]","[237.30321340240414, 85.58135660572289]","[169.30279936829191, 110.12616000294761]","[-310.6074217367254, 9.384658210952834]","[-230.33649750857128, 91.03290402152773]","[-276.74758665088757, -23.45972772930835]","[-172.34253185757518, 200.3395048123791]","[-101.40777230063648, -374.41406843753174]","[-9.229965407797025, -191.72511707186618]","[-147.47352533759647, 46.88900238704985]","[16.918650165868108, 102.86595664178446]","[68.48888748170499, 195.05363216125136]","[-202.81714835200134, 233.7526265128824]","[126.7369655293202, 335.67766845680956]","[-509.9792846265042, 319.8039670933709]","[-30.292433927737967, 264.107395940379]","[-209.8830732084809, 133.19310060772764]","[-96.52721566400793, 256.1199171018916]","[-104.9237243009658, 9.900324558666757]","[233.94055672265648, 11.344364734124603]","[151.50081745764479, 161.1903273060851]","[-205.40992744461178, 170.53477996923388]","[-18.89245992139676, 79.13974694918988]","[-23.83644645317369, -185.80588195155815]","[-182.29177880632233, -15.269578770904445]","[189.64236308701385, -284.1363064004799]","[64.68293554442516, 201.78593110934855]","[124.57550176134919, 61.98072535706384]","[83.337111820691, 243.85885641669938]","[224.86921281733794, 239.7145395540972]","[171.45060693367031, -82.72964344999355]","[235.47465942702638, 20.981463465167963]","[-141.08645005867947, -143.2359474602863]","[-48.41310573087431, -22.500031186681678]","[-168.252034473433, -134.48915205539652]","[136.92773330322356, 229.33039735443623]","[-22.515631770327783, -174.57654636296593]","[67.85935388198715, 110.75071325413697]","[128.3437486125898, -86.86358203215708]","[-15.923204213796907, 91.47188329609116]","[-103.02106012218246, 87.1455191162016]","[-72.1331619386574, -136.4048756420798]","[-220.34475612451445, 93.55111576871664]","[-147.01206097854154, 192.04165814390097]","[240.69796270916174, 208.25347578990295]","[1.8525479494091366, -249.5651162045624]","[-101.65793835965862, 157.63507978697433]","[194.65271308305182, 221.22772160300065]","[172.93819551036177, 7.930005879841335]","[-63.549435224123044, -12.962428608539536]","[67.8791578869045, -194.55893963994646]","[-244.7502041398218, -35.995331064515085]","[231.10684576726914, -53.601489053802425]","[-190.93222261003982, 201.67217840195198]","[186.04284036729405, 193.99562107608654]","[-73.19644171643579, -282.36344758082834]","[-235.14820203107774, -151.0327946321795]","[118.34663997936431, 119.49821943489242]","[-39.733157141338324, 26.943293839519356]","[-222.49504996092566, -35.7130966372655]","[-32.29890190242554, 40.63371691979627]","[-156.4241084700634, -185.049372438275]","[53.203851056439255, -52.60512022022641]","[-193.0896089909902, 149.78741461619302]","[-222.15603864744662, 18.779325767391036]","[-83.0755010527022, 377.7034565976622]","[-36.21364030268296, 73.0188568456174]","[198.90721464496937, 20.73170950114718]","[-4.985286458184113, -64.15432479145625]","[-215.4531393474681, 62.86739619991749]","[-108.63856631738568, 13.235747433546631]","[-38.61088247162687, 186.72108189693608]","[-191.5818335489429, 212.628541302324]","[-201.4467562512176, -146.42436123794053]","[213.82899359616385, -101.75514111561233]","[-157.33764292251453, 217.33533538805818]","[-318.6323097756682, -171.97005230725674]","[52.21605767320546, 90.57269420071046]","[-3.6431584550622773, 154.386661490219]","[-215.52865420811932, -35.10504877211408]","[28.664610406217, -69.81773443655973]","[-325.8727303117912, 225.35035916213906]","[218.08433403612344, 114.52819133902494]","[-189.62663354238884, -101.98860939658971]","[-25.15814962395126, 188.30486805631608]","[132.77651623944348, -3.5721219113508695]","[-2.8698604486150296, -37.552177864211444]","[110.29166919534282, -155.14527376074784]","[68.26001946925882, 113.5342680588535]","[1.3320058810853155, -185.0987424585054]","[-236.2980778393112, 78.5967991686116]","[89.44568116016995, -13.357665207501313]","[-134.79626124692732, -45.07303668492614]","[-24.11644839202427, -82.80363800478335]","[46.22610597650237, 430.7930674258706]","[-148.02084661049685, 423.8576119972037]","[-563.9347242114006, 40.515537291619225]","[186.83460499679535, 174.4525002797664]","[-290.1507340398763, -132.0320845630213]"
"[-326.0081451381475, 88.51815222027237]","[224.36539126980296, 43.218007221004626]","[160.2895279678553, 173.84443390385462]","[-195.5636428823531, -82.13206357619003]","[-99.86392806573906, -37.889006316718245]","[-27.965469773255055, -84.57837406306332]","[82.74039562304041, 168.07743125168918]","[237.30321340240414, 85.58135660572289]","[169.30279936829191, 110.12616000294761]","[-310.6074217367254, 9.384658210952834]","[-230.33649750857128, 91.03290402152773]","[-276.74758665088757, -23.45972772930835]","[-172.34253185757518, 200.3395048123791]","[-101.40777230063648, -374.41406843753174]","[-9.229965407797025, -191.72511707186618]","[-147.47352533759647, 46.88900238704985]","[16.918650165868108, 102.86595664178446]","[68.48888748170499, 195.05363216125136]","[-202.81714835200134, 233.7526265128824]","[97.21379322744352, 448.7412543781378]","[-509.9792846265042, 319.8039670933709]","[-30.292433927737967, 264.107395940379]","[-209.8830732084809, 133.19310060772764]","[-96.52721566400793, 256.1199171018916]","[-104.9237243009658, 9.900324558666757]","[233.94055672265648, 11.344364734124603]","[151.50081745764479, 161.1903273060851]","[-205.40992744461178, 170.53477996923388]","[-18.89245992139676, 79.13974694918988]","[-23.83644645317369, -185.80588195155815]","[-182.29177880632233, -15.269578770904445]","[189.64236308701385, -284.1363064004799]","[64.68293554442516, 201.78593110934855]","[124.57550176134919, 61.98072535706384]","[83.337111820691, 243.85885641669938]","[224.86921281733794, 239.7145395540972]","[171.45060693367031, -82.72964344999355]","[235.47465942702638, 20.981463465167963]","[-141.08645005867947, -143.2359474602863]","[-48.41310573087431, -22.500031186681678]","[-168.252034473433, -134.48915205539652]","[136.92773330322356, 229.33039735443623]","[-22.515631770327783, -174.57654636296593]","[67.85935388198715, 110.75071325413697]","[128.3437486125898, -86.86358203215708]","[-15.923204213796907, 91.47188329609116]","[-103.02106012218246, 87.1455191162016]","[-72.1331619386574, -136.4048756420798]","[-220.34475612451445, 93.55111576871664]","[-147.01206097854154, 192.04165814390097]","[240.69796270916174, 208.25347578990295]","[1.8525479494091366, -249.5651162045624]","[-101.65793835965862, 157.63507978697433]","[194.65271308305182, 221.22772160300065]","[172.93819551036177, 7.930005879841335]","[-63.549435224123044, -12.962428608539536]","[67.8791578869045, -194.55893963994646]","[-244.7502041398218, -35.995331064515085]","[231.10684576726914, -53.601489053802425]","[-190.93222261003982, 201.67217840195198]","[186.04284036729405, 193.99562107608654]","[-73.19644171643579, -282.36344758082834]","[-235.14820203107774, -151.0327946321795]","[118.34663997936431, 119.49821943489242]","[-39.733157141338324, 26.943293839519356]","[-222.49504996092566, -35.7130966372655]","[-32.29890190242554, 40.63371691979627]","[-156.4241084700634, -185.049372438275]","[53.203851056439255, -52.60512022022641]","[-193.0896089909902, 149.78741461619302]","[-222.15603864744662, 18.779325767391036]","[-83.0755010527022, 377.7034565976622]","[-36.21364030268296, 73.0188568456174]","[198.90721464496937, 20.73170950114718]","[-4.985286458184113, -64.15432479145625]","[-215.4531393474681, 62.86739619991749]","[-108.63856631738568, 13.235747433546631]","[-38.61088247162687, 186.72108189693608]","[-191.5818335489429, 212.628541302324]","[-201.4467562512176, -146.42436123794053]","[213.82899359616385, -101.75514111561233]","[-157.33764292251453, 217.33533538805818]","[-318.6323097756682, -171.97005230725674]","[52.21605767320546, 90.57269420071046]","[-3.6431584550622773, 154.386661490219]","[-215.52865420811932, -35.10504877211408]","[28.664610406217, -69.81773443655973]","[-325.8727303117912, 225.35035916213906]","[218.08433403612344, 114.52819133902494]","[-189.62663354238884, -101.98860939658971]","[-25.15814962395126, 188.30486805631608]","[132.77651623944348, -3.5721219113508695]","[-2.8698604486150296, -37.552177864211444]","[110.29166919534282, -155.14527376074784]","[68.26001946925882, 113.5342680588535]","[1.3320058810853155, -185.0987424585054]","[-236.2980778393112, 78.5967991686116]","[89.44568116016995, -13.357665207501313]","[-134.79626124692732, -45.07303668492614]","[-24.11644839202427, -82.80363800478335]","[-55.47851926301079, 640.6219007751262]","[50.42216752931567, 34.185411388216096]","[-750.3960399865548, -51.83956987514651]","[245.58144204064627, 11.307256861533457]","[-339.67752882499224, -172.22270822682395]"
"[-326.0081451381475, 88.51815222027237]","[224.36539126980296, 43.218007221004626]","[160.2895279678553, 173.84443390385462]","[-195.5636428823531, -82.13206357619003]","[-99.86392806573906, -37.889006316718245]","[-27.965469773255055, -84.57837406306332]","[82.52158467756101, 168.55841454867542]","[236.45668571092781, 86.44386421635151]","[168.31024957875462, 108.64260460926997]","[-311.6227190792868, 8.900539297848905]","[-231.2322989095112, 90.83479562440871]","[-277.97787187183314, -24.458008556318283]","[-171.3447032579776, 199.7097981680744]","[-102.90158399701406, -372.5079007826218]","[-7.524016595450339, -190.83677231529254]","[-145.81531853743886, 46.55117387322851]","[17.769507910777218, 101.57887389735262]","[69.9646970701387, 195.91639458574252]","[-204.74141782891746, 232.08787107533774]","[88.8412940421131, 480.4313000444333]","[-511.51700402364605, 319.2772524841965]","[-31.988946912557527, 262.972065622109]","[-209.9364114088077, 132.64674313795027]","[-95.23310307241064, 255.06267183436643]","[-104.75700526729037, 8.92172603465228]","[231.94480267103816, 9.980126132065996]","[150.7870884949564, 162.96093440485132]","[-206.10848777747927, 169.59512168509346]","[-17.60784929394041, 77.76911404135207]","[-25.393835404835368, -187.61231576254434]","[-181.9883968940199, -15.30925310749521]","[190.56128856292096, -285.6408504275619]","[63.92302728018845, 200.13542864896814]","[124.31223619139135, 61.54262302447208]","[82.0351465650876, 244.13569567972124]","[225.14637571787975, 239.0718093311458]","[169.7146884003475, -83.06494480780584]","[236.05199253412096, 19.10588419845446]","[-140.7141516230132, -141.96207081842024]","[-50.074230938947984, -21.609870267042304]","[-166.8224105507278, -132.72318805712766]","[135.2381215017522, 231.10246149287477]","[-24.250495263150526, -174.4070634368086]","[69.34562341223916, 110.7756891015927]","[126.90825766479234, -85.27204831559176]","[-15.29580434547806, 90.36162964909401]","[-104.55296825100066, 88.9313165885829]","[-70.60607324924044, -135.38627800589478]","[-218.50533118621794, 93.39511517743844]","[-147.34178846508473, 191.76613203109093]","[239.1591870030972, 207.79264690833742]","[0.12919007282817097, -251.48902608595498]","[-100.09920553789019, 155.8379869936834]","[194.65271308305182, 221.89108790309442]","[172.93819551036177, 7.930005879841335]","[-63.549435224123044, -12.962428608539536]","[67.8791578869045, -194.55893963994646]","[-244.7502041398218, -35.995331064515085]","[231.10684576726914, -53.601489053802425]","[-190.93222261003982, 201.67217840195198]","[186.04284036729405, 193.99562107608654]","[-73.19644171643579, -282.36344758082834]","[-235.14820203107774, -151.0327946321795]","[118.34663997936431, 119.49821943489242]","[-39.733157141338324, 26.943293839519356]","[-222.49504996092566, -35.7130966372655]","[-32.29890190242554, 40.63371691979627]","[-156.4241084700634, -185.049372438275]","[53.203851056439255, -52.60512022022641]","[-193.0896089909902, 149.78741461619302]","[-222.15603864744662, 18.779325767391036]","[-83.0755010527022, 377.7034565976622]","[-36.21364030268296, 73.0188568456174]","[198.90721464496937, 20.73170950114718]","[-4.985286458184113, -64.15432479145625]","[-215.4531393474681, 62.86739619991749]","[-108.63856631738568, 13.235747433546631]","[-38.61088247162687, 186.72108189693608]","[-191.5818335489429, 212.628541302324]","[-201.4467562512176, -146.42436123794053]","[213.82899359616385, -101.75514111561233]","[-157.33764292251453, 217.33533538805818]","[-318.6323097756682, -171.97005230725674]","[52.21605767320546, 90.57269420071046]","[-3.6431584550622773, 154.386661490219]","[-215.52865420811932, -35.10504877211408]","[28.664610406217, -69.81773443655973]","[-325.8727303117912, 225.35035916213906]","[218.08433403612344, 114.52819133902494]","[-189.62663354238884, -101.98860939658971]","[-25.15814962395126, 188.30486805631608]","[132.77651623944348, -3.5721219113508695]","[-2.8698604486150296, -37.552177864211444]","[110.29166919534282, -155.14527376074784]","[68.26001946925882, 113.5342680588535]","[1.3320058810853155, -185.0987424585054]","[-236.2980778393112, 78.5967991686116]","[89.44568116016995, -13.357665207501313]","[-134.79626124692732, -45.07303668492614]","[-24.11644839202427, -82.80363800478335]","[162.50454393544288, 188.30056209936984]","[9.479944398563674, 115.0912101012004]","[-911.2646261455113, -132.42392808931606]","[317.8054946413567, -191.18478055756557]","[-392.0583575094071, -214.9068992113212]"
"[-326.0081451381475, 88.51815222027237]","[224.36539126980296, 43.218007221004626]","[160.2895279678553, 173.84443390385462]","[-195.5636428823531, -82.13206357619003]","[-99.86392806573906, -37.889006316718245]","[-27.965469773255055, -84.57837406306332]","[82.52158467756101, 168.55841454867542]","[236.45668571092781, 86.44386421635151]","[168.31024957875462, 108.64260460926997]","[-311.6227190792868, 8.900539297848905]","[-231.2322989095112, 90.83479562440871]","[-277.97787187183314, -24.458008556318283]","[-171.3447032579776, 199.7097981680744]","[-102.90158399701406, -372.5079007826218]","[-7.524016595450339, -190.83677231529254]","[-145.81531853743886, 46.55117387322851]","[17.769507910777218, 101.57887389735262]","[69.9646970701387, 195.91639458574252]","[-204.74141782891746, 232.08787107533774]","[88.8412940421131, 480.4313000444333]","[-511.51700402364605, 319.2772524841965]","[-31.988946912557527, 262.972065622109]","[-209.9364114088077, 132.64674313795027]","[-95.23310307241064, 255.06267183436643]","[-104.75700526729037, 8.92172603465228]","[231.94480267103816, 9.980126132065996]","[150.7870884949564, 162.96093440485132]","[-206.10848777747927, 169.59512168509346]","[-17.60784929394041, 77.76911404135207]","[-25.393835404835368, -187.61231576254434]","[-181.9883968940199, -15.30925310749521]","[190.56128856292096, -285.6408504275619]","[63.92302728018845, 200.13542864896814]","[124.31223619139135, 61.54262302447208]","[82.0351465650876, 244.13569567972124]","[225.14637571787975, 239.0718093311458]","[169.7146884003475, -83.06494480780584]","[236.05199253412096, 19.10588419845446]","[-140.7141516230132, -141.96207081842024]","[-50.074230938947984, -21.609870267042304]","[-166.8224105507278, -132.72318805712766]","[135.2381215017522, 231.10246149287477]","[-24.250495263150526, -174.4070634368086]","[69.34562341223916, 110.7756891015927]","[126.90825766479234, -85.27204831559176]","[-15.29580434547806, 90.36162964909401]","[-104.55296825100066, 88.9313165885829]","[-70.60607324924044, -135.38627800589478]","[-218.50533118621794, 93.39511517743844]","[-147.34178846508473, 191.76613203109093]","[239.1591870030972, 207.79264690833742]","[0.12919007282817097, -251.48902608595498]","[-100.09920553789019, 155.8379869936834]","[194.3293603668972, 221.89108790309442]","[171.12376412006057, 9.584068563586378]","[-61.97285507487689, -11.242504502556395]","[67.82630964729803, -196.18639102993234]","[-243.9863039098317, -34.33893516028118]","[229.29616119054222, -53.52653558673375]","[-191.31012807731335, 200.50345785554393]","[184.481679128772, 192.46423423471424]","[-71.32327772426075, -280.48997012701113]","[-235.62158334454892, -149.3150694644351]","[119.90075222876106, 119.14875211359471]","[-40.16231830200515, 27.410271772004336]","[-224.33912622574516, -34.11819720745296]","[-31.464492586876343, 38.8410205735399]","[-155.03111185975288, -183.11341532697108]","[53.57441104863399, -51.61368007209146]","[-194.31115927195864, 149.06202132294905]","[-224.0807070474884, 18.447101599749356]","[-84.22057544710971, 378.9127760515034]","[-34.7181528389409, 74.82611686065495]","[196.94845167428616, 19.37957542305803]","[-6.297326660002367, -64.44039744118925]","[-216.77979995207647, 63.082002331164915]","[-107.72102151480398, 14.461864540844964]","[-40.47372254886521, 185.93111570621534]","[-193.1136021109066, 210.93754651242298]","[-199.69611940303636, -147.28709250708502]","[215.29239964604398, -102.02873927547522]","[-155.8169442638431, 215.41916923507273]","[-320.2593359626724, -173.70658473965568]","[52.04420101681292, 88.73427341698053]","[-5.288257156782973, 152.61749466178836]","[-217.16568674889234, -35.440768648134856]","[28.060379481411285, -71.24953863770223]","[-327.1258885056838, 226.20536162510675]","[217.8682194747523, 114.35719731836947]","[-188.0524658405885, -100.11325344023314]","[-24.72559179969974, 188.18939518307596]","[131.9257823719261, -4.5587507210805835]","[-3.5845435876342493, -36.66318342246805]","[111.95703385769728, -156.4623135657712]","[68.09865740213766, 112.6875568669681]","[-0.4857001512380732, -183.59749091758712]","[-235.99489277178967, 79.39669914263071]","[90.09513362923056, -12.517955877132211]","[-135.3523944108938, -44.13781908133008]","[-24.11644839202427, -82.45375169243283]","[81.15991430917944, 356.5168956962029]","[-35.16327065362471, 202.36038624093007]","[-1070.4261342258105, -210.35187859291335]","[383.18083149325486, -370.8186075450194]","[-449.0459691725815, -261.22096667535754]"
"[-327.9726120241854, 88.45384700002208]","[225.0669561258553, 43.41796595430972]","[161.17101890124377, 172.6823037124071]","[-194.9561259344915, -81.21444414652241]","[-99.86392806573906, -37.889006316718245]","[-27.965469773255055, -84.57837406306332]","[82.52158467756101, 168.55841454867542]","[236.45668571092781, 86.44386421635151]","[168.31024957875462, 108.64260460926997]","[-311.6227190792868, 8.900539297848905]","[-231.2322989095112, 90.83479562440871]","[-277.97787187183314, -24.458008556318283]","[-171.3447032579776, 199.7097981680744]","[-102.90158399701406, -372.5079007826218]","[-7.524016595450339, -190.83677231529254]","[-145.81531853743886, 46.55117387322851]","[17.769507910777218, 101.57887389735262]","[69.9646970701387, 195.91639458574252]","[-204.74141782891746, 232.08787107533774]","[88.8412940421131, 480.4313000444333]","[-511.51700402364605, 319.2772524841965]","[-31.988946912557527, 262.972065622109]","[-209.9364114088077, 132.64674313795027]","[-95.23310307241064, 255.06267183436643]","[-104.75700526729037, 8.92172603465228]","[231.94480267103816, 9.980126132065996]","[150.7870884949564, 162.96093440485132]","[-206.10848777747927, 169.59512168509346]","[-17.60784929394041, 77.76911404135207]","[-25.393835404835368, -187.61231576254434]","[-181.9883968940199, -15.30925310749521]","[190.56128856292096, -285.6408504275619]","[63.92302728018845, 200.13542864896814]","[124.31223619139135, 61.54262302447208]","[82.0351465650876, 244.13569567972124]","[225.14637571787975, 239.0718093311458]","[169.7146884003475, -83.06494480780584]","[236.05199253412096, 19.10588419845446]","[-140.7141516230132, -141.96207081842024]","[-50.074230938947984, -21.609870267042304]","[-166.8224105507278, -132.72318805712766]","[135.2381215017522, 231.10246149287477]","[-24.250495263150526, -174.4070634368086]","[69.34562341223916, 110.7756891015927]","[126.90825766479234, -85.27204831559176]","[-15.29580434547806, 90.36162964909401]","[-104.55296825100066, 88.9313165885829]","[-70.60607324924044, -135.38627800589478]","[-218.50533118621794, 93.39511517743844]","[-147.34178846508473, 191.76613203109093]","[239.1591870030972, 207.79264690833742]","[0.12919007282817097, -251.48902608595498]","[-100.09920553789019, 155.8379869936834]","[194.3293603668972, 221.89108790309442]","[171.12376412006057, 9.584068563586378]","[-61.97285507487689, -11.242504502556395]","[67.82630964729803, -196.18639102993234]","[-243.9863039098317, -34.33893516028118]","[229.29616119054222, -53.52653558673375]","[-191.31012807731335, 200.50345785554393]","[184.481679128772, 192.46423423471424]","[-71.32327772426075, -280.48997012701113]","[-235.62158334454892, -149.3150694644351]","[119.90075222876106, 119.14875211359471]","[-40.16231830200515, 27.410271772004336]","[-224.33912622574516, -34.11819720745296]","[-31.464492586876343, 38.8410205735399]","[-155.03111185975288, -183.11341532697108]","[53.57441104863399, -51.61368007209146]","[-194.31115927195864, 149.06202132294905]","[-224.0807070474884, 18.447101599749356]","[-84.22057544710971, 378.9127760515034]","[-34.7181528389409, 74.82611686065495]","[189.91662672676833, 28.668928977287212]","[-6.297326660002367, -64.44039744118925]","[-216.77979995207647, 63.082002331164915]","[-107.72102151480398, 14.461864540844964]","[-40.47372254886521, 185.93111570621534]","[-193.1136021109066, 210.93754651242298]","[-199.69611940303636, -147.28709250708502]","[215.29239964604398, -102.02873927547522]","[-155.8169442638431, 215.41916923507273]","[-320.2593359626724, -173.70658473965568]","[52.04420101681292, 88.73427341698053]","[-5.288257156782973, 152.61749466178836]","[-217.16568674889234, -35.440768648134856]","[28.060379481411285, -71.24953863770223]","[-327.1258885056838, 226.20536162510675]","[217.8682194747523, 114.35719731836947]","[-188.0524658405885, -100.11325344023314]","[-24.72559179969974, 188.18939518307596]","[131.9257823719261, -4.5587507210805835]","[-3.5845435876342493, -36.66318342246805]","[111.95703385769728, -156.4623135657712]","[68.09865740213766, 112.6875568669681]","[-0.4857001512380732, -183.59749091758712]","[-235.99489277178967, 79.39669914263071]","[90.09513362923056, -12.517955877132211]","[-135.3523944108938, -44.13781908133008]","[-24.80758740427503, -82.45375169243283]","[7.3308211157755885, 511.86422016550796]","[-79.11254972053837, 289.17503542168396]","[-902.2067879828314, -145.1264333272258]","[276.9284601114775, -144.86853183627431]","[-501.22127639413924, -303.70314714311775]"
"[-327.9726120241854, 88.45384700002208]","[225.0669561258553, 43.41796595430972]","[161.17101890124377, 172.6823037124071]","[-194.9561259344915, -81.21444414652241]","[-101.26394152314438, -36.35853077189144]","[-28.25560499010424, -83.18320691145743]","[82.3027737320816, 169.03939784566165]","[235.6101580194515, 87.30637182698014]","[167.31769978921733, 107.15904921559232]","[-310.6074217367254, 8.416420384744976]","[-232.12810031045112, 90.6366872272897]","[-276.74758665088757, -25.456289383328215]","[-170.34687465838005, 199.0800915237697]","[-104.39539569339163, -374.41406843753174]","[-5.818067783103654, -189.9484275587189]","[-144.15711173728124, 46.213345359407164]","[18.156732025883166, 100.12234609053657]","[71.4405066585724, 196.7791570102337]","[-206.6656873058336, 230.4231156377931]","[88.29253974073495, 478.69506695160817]","[-509.9792846265042, 318.7505378750221]","[-33.685459897377086, 264.107395940379]","[-209.98974960913446, 132.1003856681729]","[-93.93899048081336, 256.1199171018916]","[-104.59028623361493, 7.943127510637805]","[229.94904861941984, 8.615887530007388]","[150.07335953226803, 164.73154150361754]","[-206.80704811034676, 168.65546340095304]","[-16.323238666484063, 76.39848113351425]","[-26.951224356497047, -189.41874957353053]","[-181.68501498171747, -15.348927444085973]","[191.48021403882808, -284.1363064004799]","[63.163119015951736, 198.48492618858774]","[124.04897062143351, 61.10452069188032]","[80.7331813094842, 244.4125349427431]","[225.42353861842156, 238.4290791081944]","[167.9787698670247, -83.40024616561814]","[236.62932564121553, 17.23030493174096]","[-140.34185318734694, -140.6881941765542]","[-51.73535614702166, -20.71970934740293]","[-165.39278662802258, -130.9572240588588]","[133.54850970028085, 232.8745256313133]","[-25.98535875597327, -174.2375805106513]","[70.83189294249118, 110.80066494904844]","[125.4727667169949, -83.68051459902644]","[-14.668404477159214, 89.25137600209686]","[-106.08487637981887, 90.7171140609642]","[-69.07898455982348, -134.36768036970977]","[-216.66590624792144, 93.23911458616024]","[-147.34178846508473, 191.76613203109093]","[239.1591870030972, 207.79264690833742]","[0.12919007282817097, -251.48902608595498]","[-100.09920553789019, 155.8379869936834]","[194.3293603668972, 221.89108790309442]","[171.12376412006057, 9.584068563586378]","[-61.97285507487689, -11.242504502556395]","[67.82630964729803, -196.18639102993234]","[-243.9863039098317, -34.33893516028118]","[229.29616119054222, -53.52653558673375]","[-191.31012807731335, 200.50345785554393]","[184.481679128772, 192.46423423471424]","[-71.32327772426075, -280.48997012701113]","[-235.62158334454892, -149.3150694644351]","[119.90075222876106, 119.14875211359471]","[-40.16231830200515, 27.410271772004336]","[-224.33912622574516, -34.11819720745296]","[-31.464492586876343, 38.8410205735399]","[-155.03111185975288, -183.11341532697108]","[53.57441104863399, -51.61368007209146]","[-194.31115927195864, 149.06202132294905]","[-224.0807070474884, 18.447101599749356]","[-84.22057544710971, 378.9127760515034]","[-34.7181528389409, 74.82611686065495]","[115.35215879183855, 137.21840856756833]","[-6.297326660002367, -64.44039744118925]","[-216.77979995207647, 63.082002331164915]","[-107.72102151480398, 14.461864540844964]","[-40.47372254886521, 185.93111570621534]","[-193.1136021109066, 210.93754651242298]","[-199.69611940303636, -147.28709250708502]","[215.29239964604398, -102.02873927547522]","[-155.8169442638431, 215.41916923507273]","[-320.2593359626724, -173.70658473965568]","[52.04420101681292, 88.73427341698053]","[-5.288257156782973, 152.61749466178836]","[-217.16568674889234, -35.440768648134856]","[28.060379481411285, -71.24953863770223]","[-327.1258885056838, 226.20536162510675]","[217.8682194747523, 114.35719731836947]","[-188.0524658405885, -100.11325344023314]","[-24.72559179969974, 188.18939518307596]","[131.9257823719261, -4.5587507210805835]","[-3.5845435876342493, -36.66318342246805]","[111.95703385769728, -156.4623135657712]","[68.09865740213766, 112.6875568669681]","[-0.4857001512380732, -183.59749091758712]","[-235.99489277178967, 79.39669914263071]","[90.09513362923056, -12.517955877132211]","[-135.3523944108938, -44.13781908133008]","[-24.80758740427503, -82.45375169243283]","[-68.49633035574097, 603.680436617986]","[-130.00118864016864, 388.26191249729465]","[-631.9175777410619, -39.795472610007415]","[150.5847114583793, 120.52034941939347]","[-90.42652754056874, 30.78523582171178]"
"[-327.9726120241854, 88.45384700002208]","[225.0669561258553, 43.41796595430972]","[161.17101890124377, 172.6823037124071]","[-194.9561259344915, -81.21444414652241]","[-101.26394152314438, -36.35853077189144]","[-28.25560499010424, -83.18320691145743]","[82.3027737320816, 169.03939784566165]","[235.6101580194515, 87.30637182698014]","[167.31769978921733, 107.15904921559232]","[-310.6074217367254, 8.416420384744976]","[-232.12810031045112, 90.6366872272897]","[-276.74758665088757, -25.456289383328215]","[-170.34687465838005, 199.0800915237697]","[-104.39539569339163, -374.41406843753174]","[-5.818067783103654, -189.9484275587189]","[-144.15711173728124, 46.213345359407164]","[18.156732025883166, 100.12234609053657]","[71.4405066585724, 196.7791570102337]","[-206.6656873058336, 230.4231156377931]","[88.29253974073495, 478.69506695160817]","[-509.9792846265042, 318.7505378750221]","[-33.685459897377086, 264.107395940379]","[-209.98974960913446, 132.1003856681729]","[-93.93899048081336, 256.1199171018916]","[-104.59028623361493, 7.943127510637805]","[229.94904861941984, 8.615887530007388]","[150.07335953226803, 164.73154150361754]","[-206.80704811034676, 168.65546340095304]","[-16.323238666484063, 76.39848113351425]","[-26.951224356497047, -189.41874957353053]","[-181.68501498171747, -15.348927444085973]","[191.48021403882808, -284.1363064004799]","[63.163119015951736, 198.48492618858774]","[124.04897062143351, 61.10452069188032]","[80.7331813094842, 244.4125349427431]","[225.42353861842156, 238.4290791081944]","[167.9787698670247, -83.40024616561814]","[236.62932564121553, 17.23030493174096]","[-140.34185318734694, -140.6881941765542]","[-51.73535614702166, -20.71970934740293]","[-165.39278662802258, -130.9572240588588]","[133.54850970028085, 232.8745256313133]","[-25.98535875597327, -174.2375805106513]","[70.83189294249118, 110.80066494904844]","[125.4727667169949, -83.68051459902644]","[-14.668404477159214, 89.25137600209686]","[-106.08487637981887, 90.7171140609642]","[-69.07898455982348, -134.36768036970977]","[-216.66590624792144, 93.23911458616024]","[-147.67151595162792, 191.4906059182809]","[237.62041129703266, 207.33181802677188]","[-1.5941678037527947, -249.5651162045624]","[-98.54047271612176, 154.04089420039244]","[194.00600765074256, 222.5544542031882]","[169.30933272975938, 11.23813124733142]","[-60.396274925630735, -9.522580396573254]","[67.77346140769157, -197.81384241991822]","[-243.2224036798416, -32.68253925604728]","[227.4854766138153, -53.451582119665076]","[-191.6880335445869, 199.33473730913587]","[182.92051789024993, 190.93284739334194]","[-69.45011373208571, -282.36344758082834]","[-236.0949646580201, -147.59734429669072]","[121.45486447815782, 118.799284792297]","[-40.59147946267197, 27.877249704489316]","[-226.18320249056467, -32.523297777640416]","[-30.630083271327145, 37.04832422728353]","[-153.63811524944236, -181.17745821566717]","[53.944971040828726, -50.62223992395651]","[-195.5327095529271, 148.33662802970508]","[-226.00537544753018, 18.114877432107676]","[-85.36564984151723, 377.7034565976622]","[-33.222665375198844, 76.63337687569249]","[66.40103210839678, 204.36777369908586]","[-7.609366861820622, -64.72647009092225]","[-218.10646055668485, 63.29660846241234]","[-106.80347671222228, 15.687981648143296]","[-42.33656262610355, 185.1411495154946]","[-194.6453706728703, 209.24655172252196]","[-197.94548255485512, -148.1498237762295]","[216.7558056959241, -102.3023374353381]","[-154.2962456051717, 213.50300308208728]","[-318.6323097756682, -175.44311717205463]","[51.87234436042038, 86.8958526332506]","[-6.933355858503669, 150.8483278333577]","[-218.80271928966536, -35.77648852415563]","[27.45614855660557, -72.68134283884473]","[-325.8727303117912, 227.06036408807444]","[217.65210491338115, 114.186203297714]","[-188.0524658405885, -100.11325344023314]","[-24.72559179969974, 188.18939518307596]","[131.9257823719261, -4.5587507210805835]","[-3.5845435876342493, -36.66318342246805]","[111.95703385769728, -156.4623135657712]","[68.09865740213766, 112.6875568669681]","[-0.4857001512380732, -183.59749091758712]","[-235.99489277178967, 79.39669914263071]","[90.09513362923056, -12.517955877132211]","[-135.3523944108938, -44.13781908133008]","[-24.80758740427503, -82.45375169243283]","[-165.21560775899857, 335.6103005856222]","[-156.1076610976091, 416.3963690821198]","[-367.9167667986694, 61.19528246878106]","[28.476440097981964, 370.235319340689]","[-128.39758724442203, -0.122373297711159]"
"[-327.9726120241854, 88.45384700002208]","[225.0669561258553, 43.41796595430972]","[161.17101890124377, 172.6823037124071]","[-194.9561259344915, -81.21444414652241]","[-101.26394152314438, -36.35853077189144]","[-28.25560499010424, -83.18320691145743]","[82.3027737320816, 169.03939784566165]","[235.6101580194515, 87.30637182698014]","[167.31769978921733, 107.15904921559232]","[-310.6074217367254, 8.416420384744976]","[-232.12810031045112, 90.6366872272897]","[-276.74758665088757, -25.456289383328215]","[-170.34687465838005, 199.0800915237697]","[-104.39539569339163, -374.41406843753174]","[-5.818067783103654, -189.9484275587189]","[-144.15711173728124, 46.213345359407164]","[18.156732025883166, 100.12234609053657]","[71.4405066585724, 196.7791570102337]","[-206.6656873058336, 230.4231156377931]","[88.29253974073495, 478.69506695160817]","[-509.9792846265042, 318.7505378750221]","[-33.685459897377086, 264.107395940379]","[-209.98974960913446, 132.1003856681729]","[-93.93899048081336, 256.1199171018916]","[-104.59028623361493, 7.943127510637805]","[229.94904861941984, 8.615887530007388]","[150.07335953226803, 164.73154150361754]","[-206.80704811034676, 168.65546340095304]","[-16.323238666484063, 76.39848113351425]","[-26.951224356497047, -189.41874957353053]","[-181.68501498171747, -15.348927444085973]","[191.48021403882808, -284.1363064004799]","[63.163119015951736, 198.48492618858774]","[124.04897062143351, 61.10452069188032]","[80.7331813094842, 244.4125349427431]","[225.42353861842156, 238.4290791081944]","[167.9787698670247, -83.40024616561814]","[236.62932564121553, 17.23030493174096]","[-140.34185318734694, -140.6881941765542]","[-51.73535614702166, -20.71970934740293]","[-165.39278662802258, -130.9572240588588]","[133.54850970028085, 232.8745256313133]","[-25.98535875597327, -174.2375805106513]","[70.83189294249118, 110.80066494904844]","[125.4727667169949, -83.68051459902644]","[-14.668404477159214, 89.25137600209686]","[-106.08487637981887, 90.7171140609642]","[-69.07898455982348, -134.36768036970977]","[-216.66590624792144, 93.23911458616024]","[-147.67151595162792, 191.4906059182809]","[237.62041129703266, 207.33181802677188]","[-1.5941678037527947, -249.5651162045624]","[-98.54047271612176, 154.04089420039244]","[194.00600765074256, 222.5544542031882]","[169.30933272975938, 11.23813124733142]","[-60.396274925630735, -9.522580396573254]","[67.77346140769157, -197.81384241991822]","[-243.2224036798416, -32.68253925604728]","[227.4854766138153, -53.451582119665076]","[-191.6880335445869, 199.33473730913587]","[182.92051789024993, 190.93284739334194]","[-69.45011373208571, -282.36344758082834]","[-236.0949646580201, -147.59734429669072]","[121.45486447815782, 118.799284792297]","[-40.59147946267197, 27.877249704489316]","[-226.18320249056467, -32.523297777640416]","[-30.630083271327145, 37.04832422728353]","[-153.63811524944236, -181.17745821566717]","[53.944971040828726, -50.62223992395651]","[-195.5327095529271, 148.33662802970508]","[-226.00537544753018, 18.114877432107676]","[-85.36564984151723, 377.7034565976622]","[-33.222665375198844, 76.63337687569249]","[66.40103210839678, 204.36777369908586]","[-7.609366861820622, -64.72647009092225]","[-218.10646055668485, 63.29660846241234]","[-106.80347671222228, 15.687981648143296]","[-8.403031521542403, 173.63275509730363]","[-194.6453706728703, 209.24655172252196]","[-197.94548255485512, -148.1498237762295]","[216.7558056959241, -102.3023374353381]","[-154.2962456051717, 213.50300308208728]","[-318.6323097756682, -175.44311717205463]","[51.87234436042038, 86.8958526332506]","[-6.933355858503669, 150.8483278333577]","[-218.80271928966536, -35.77648852415563]","[27.45614855660557, -72.68134283884473]","[-325.8727303117912, 227.06036408807444]","[217.65210491338115, 114.186203297714]","[-186.47829813878815, -98.23789748387657]","[-15.766918855013268, 183.16346101079287]","[131.0750485044087, -5.5453795308102976]","[-4.299226726653469, -35.77418898072466]","[113.62239852005175, -157.77935337079458]","[67.9372953350165, 111.84084567508269]","[-2.303406183561462, -182.09623937666885]","[-235.69170770426814, 80.19659911664982]","[90.74458609829117, -11.67824654676311]","[-135.90852757486027, -43.20260147773402]","[-25.498726416525788, -82.10386538008231]","[-258.5699679346337, 77.81004206357055]","[-140.60509791023122, 141.4736864057419]","[-112.94736612579892, 160.15628963707815]","[-91.69235667974326, 618.1331990629953]","[-164.19322165261224, -29.259233978000108]"
39.56759999999995,60.667846153846206,44.419999999999874,39.335000000000164,35.64309090909096,34.290454545454516,31.320692307692436,43.155200000000335,54.62900000000009,36.58263636363633,39.987333333333176,42.48649999999979,54.061333333333096,46.97400000000016,27.229769230769307,25.518857142857346,37.28300000000017,60.651090909090605,53.70266666666672,59.565400000000224,55.00037499999962,85.50399999999937,101.96700000000055,108.53525000000081,356.5,0,0,0,0,0,0,0,0,0,0,0,0,0,0,0,0,0,0,0,0,0,0,0,0,0,0,0,0,0,0,0,0,0,0,0,0,0,0,0,0,0,0,0,0,0,0,0,0,0,0,0,0,0,0,0,0,0,0,0,0,0,0,0,0,0,0,0,0,0,0,0,0,0,0,0,0.0,True,20.0,True,False,a,900.0,,,,,
"[-326.0081451381475, 88.38954177977179]","[225.76852098190767, 43.61792468761482]","[162.05250983463225, 171.5201735209596]","[-194.3486089866299, -80.29682471685479]","[-102.6639549805497, -34.82805522706463]","[-28.545740206953422, -81.78803975985154]","[82.0839627866022, 169.5203811426479]","[234.76363032797516, 88.16887943760877]","[166.32514999968004, 105.67549382191467]","[-311.6227190792868, 7.932301471641047]","[-233.02390171139103, 90.43857883017068]","[-277.97787187183314, -26.454570210338147]","[-169.34904605878248, 198.45038487946502]","[-105.88920738976921, -372.5079007826218]","[-4.112118970756969, -189.06008280214525]","[-142.49890493712363, 45.87551684558582]","[18.543956140989113, 98.66581828372051]","[72.91631624700611, 197.64191943472485]","[-208.5899567827497, 228.75836020024846]","[87.7437854393568, 480.4313000444333]","[-511.51700402364605, 318.22382326584767]","[-35.38197288219665, 262.972065622109]","[-210.04308780946124, 131.5540281983955]","[-92.64487788921608, 255.06267183436643]","[-104.4235671999395, 6.96452898662333]","[227.95329456780152, 7.25164892794878]","[149.35963056957965, 166.50214860238376]","[-207.50560844321424, 167.71580511681262]","[-15.038628039027714, 75.02784822567644]","[-28.508613308158726, -191.22518338451673]","[-181.38163306941505, -15.388601780676737]","[192.3991395147352, -285.6408504275619]","[62.40321075171502, 196.83442372820733]","[124.04897062143351, 60.666418359288556]","[80.7331813094842, 244.4125349427431]","[225.42353861842156, 238.4290791081944]","[167.9787698670247, -83.40024616561814]","[236.62932564121553, 17.23030493174096]","[-140.34185318734694, -140.6881941765542]","[-51.73535614702166, -20.71970934740293]","[-165.39278662802258, -130.9572240588588]","[133.54850970028085, 232.8745256313133]","[-25.98535875597327, -174.2375805106513]","[70.83189294249118, 110.80066494904844]","[125.4727667169949, -83.68051459902644]","[-14.668404477159214, 89.25137600209686]","[-106.08487637981887, 90.7171140609642]","[-69.07898455982348, -134.36768036970977]","[-216.66590624792144, 93.23911458616024]","[-147.67151595162792, 191.4906059182809]","[237.62041129703266, 207.33181802677188]","[-1.5941678037527947, -249.5651162045624]","[-98.54047271612176, 154.04089420039244]","[194.00600765074256, 222.5544542031882]","[169.30933272975938, 11.23813124733142]","[-60.396274925630735, -9.522580396573254]","[67.77346140769157, -197.81384241991822]","[-243.2224036798416, -32.68253925604728]","[227.4854766138153, -53.451582119665076]","[-191.6880335445869, 199.33473730913587]","[182.92051789024993, 190.93284739334194]","[-69.45011373208571, -282.36344758082834]","[-236.0949646580201, -147.59734429669072]","[121.45486447815782, 118.799284792297]","[-40.59147946267197, 27.877249704489316]","[-226.18320249056467, -32.523297777640416]","[-30.630083271327145, 37.04832422728353]","[-153.63811524944236, -181.17745821566717]","[53.944971040828726, -50.62223992395651]","[-195.5327095529271, 148.33662802970508]","[-226.00537544753018, 18.114877432107676]","[-85.36564984151723, 377.7034565976622]","[-33.222665375198844, 76.63337687569249]","[66.40103210839678, 204.36777369908586]","[-7.609366861820622, -64.72647009092225]","[-218.10646055668485, 63.29660846241234]","[-106.80347671222228, 15.687981648143296]","[33.96603506761438, 140.64263162942592]","[-194.6453706728703, 209.24655172252196]","[-197.94548255485512, -148.1498237762295]","[216.7558056959241, -102.3023374353381]","[-154.2962456051717, 213.50300308208728]","[-318.6323097756682, -175.44311717205463]","[51.87234436042038, 86.8958526332506]","[-6.933355858503669, 150.8483278333577]","[-218.80271928966536, -35.77648852415563]","[27.45614855660557, -72.68134283884473]","[-325.8727303117912, 227.06036408807444]","[217.65210491338115, 114.186203297714]","[-186.47829813878815, -98.23789748387657]","[-1.2879947135427336, 174.24565208723757]","[131.0750485044087, -5.5453795308102976]","[-4.299226726653469, -35.77418898072466]","[113.62239852005175, -157.77935337079458]","[67.9372953350165, 111.84084567508269]","[-2.303406183561462, -182.09623937666885]","[-235.69170770426814, 80.19659911664982]","[90.74458609829117, -11.67824654676311]","[-135.90852757486027, -43.20260147773402]","[-25.498726416525788, -82.10386538008231]",,,,,,,,"[-358.3890478748526, -198.2916648417633]","[-124.11665327878359, -150.66161629290053]","[159.7529834493864, 263.0742072847874]","[-219.8724065759835, 884.112025814906]","[-206.11960007546486, -63.386385714039584]"
